ra_1	dec_1	cz	ecz	zref	sigma	esigma	d4000	ra_2	dec_2	z	ez	u	g	r	i	zm	id1	id2	id3
----	-----	--	---	----	-----	------	-----	----	-----	-	--	-	-	-	-	--	---	---	---
227.744635	+05.770809	22247	4	SDSS	320	5	2.08	227.744640	5.770810	0.074213	0.000014	20.207	17.925	16.726	16.225	16.019	00	-1	-1
227.750338	+05.782786	23464	24	T13	274	5	2.00	227.750310	5.782778	0.078307	0.000014	19.339	16.823	15.713	15.261	15.026	00	-1	-1
227.735860	+05.775843	24381	24	T13	151	5	1.79	227.735830	5.775845	0.081607	0.000018	21.126	18.306	17.170	16.695	16.615	00	-1	-1
227.728122	+05.756973	24019	26	T13	160	7	1.88	227.728090	5.756968	0.080088	0.000021	20.905	19.210	18.156	17.805	17.549	00	-1	-1
227.699795	+05.757562	22705	22	T13	222	8	1.96	227.699790	5.757555	0.075800	0.000023	20.125	18.328	17.440	17.033	16.713	00	-1	-1
227.704297	+05.733846	21919	20	T13	137	7	2.01	227.704300	5.733845	0.073187	0.000023	20.816	18.358	17.446	17.029	16.738	00	-1	-1
227.748590	+05.714486	24750	29	T13	198	8	1.86	227.748590	5.714482	0.082653	0.000022	20.349	18.270	17.379	16.959	16.605	00	-1	-1
227.695122	+05.794563	22386	22	T13	127	6	2.01	227.695100	5.794564	0.074643	0.000020	20.130	18.371	17.505	17.103	16.766	00	-1	-1
227.712637	+05.800867	22296	23	T13	209	7	1.91	227.712600	5.800862	0.074377	0.000020	19.169	17.305	16.430	15.988	15.683	00	-1	-1
227.789366	+05.796049	22246	16	T13	143	7	1.81	227.789360	5.796053	0.074218	0.000021	19.860	18.194	17.329	16.955	16.660	00	-1	-1
227.676988	+05.718882	21958	21	T13	231	5	2.06	227.676990	5.718884	0.073138	0.000014	19.064	17.163	16.274	15.868	15.546	00	-1	-1
227.722525	+05.699576	24804	28	T13	153	8	1.93	227.722530	5.699573	0.082797	0.000026	20.938	18.536	17.626	17.214	16.870	00	-1	-1
227.736738	+05.676912	24439	12	T13	38	11	1.15	227.736750	5.676908	0.081486	0.000008	18.448	17.581	17.366	17.198	17.169	00	-1	-1
227.744896	+05.691886	21742	17	T13	168	5	1.92	227.744900	5.691881	0.072611	0.000015	19.535	17.687	16.809	16.417	16.079	00	-1	-1
227.765694	+05.687283	25285	32	T13	143	5	1.72	227.765690	5.687279	0.084437	0.000016	20.015	17.554	16.605	16.256	15.909	00	-1	-1
227.776750	+05.689700	24185	15	T13	52	21	1.18	227.776750	5.689699	0.080616	0.000018	18.798	17.539	16.943	16.479	16.319	00	-1	-1
227.816648	+05.696620	25033	29	T13	111	7	1.72	227.816640	5.696625	0.083475	0.000021	20.094	17.356	16.527	16.145	15.905	00	-1	-1
227.819432	+05.722711	22145	24	T13	127	5	1.87	227.819420	5.722716	0.073828	0.000017	20.470	18.028	17.180	16.762	16.476	00	-1	-1
227.677171	+05.747531	23391	35	T13	164	6	1.82	227.677160	5.747531	0.078474	0.000018	19.384	17.712	16.851	16.408	16.104	00	-1	-1
227.656617	+05.791334	23034	18	T13	126	6	1.92	227.656600	5.791332	0.076871	0.000018	19.318	18.441	17.429	17.024	16.711	00	-1	-1
227.670577	+05.820753	21890	21	T13	160	7	1.96	227.670560	5.820746	0.072918	0.000023	22.293	18.682	17.758	17.334	16.997	00	-1	-1
227.686506	+05.836255	23054	24	T13	125	11	1.66	227.686490	5.836258	0.076904	0.000018	18.762	17.701	16.965	16.579	16.338	00	-1	-1
227.676928	+05.778149	23152	21	T13	65	8	1.82	227.676910	5.778152	0.077142	0.000025	19.360	18.252	17.525	17.080	17.014	00	-1	-1
227.707440	+05.815711	23811	24	T13	249	8	1.99	227.707410	5.815700	0.079552	0.000022	20.049	18.119	17.173	16.748	16.456	00	-1	-1
227.792303	+05.823225	23024	3	SDSS	192	4	1.84	227.792310	5.823223	0.076805	0.000013	18.868	17.140	16.185	15.752	15.479	00	-1	-1
227.770122	+05.829326	25215	19	T13	213	7	1.97	227.770120	5.829332	0.084086	0.000021	20.046	18.320	17.402	17.001	16.648	00	-1	-1
227.794366	+05.832441	22248	14	T13	90	5	1.80	227.794360	5.832445	0.074172	0.000018	19.687	18.067	17.251	16.861	16.582	00	-1	-1
227.793123	+05.814369	23945	4	SDSS	208	5	2.01	227.793130	5.814366	0.079873	0.000015	19.770	17.618	16.627	16.201	15.879	00	-1	-1
227.791039	+05.813705	23992	24	T13	139	7	1.95	227.791040	5.813709	0.080301	0.000022	20.965	18.708	17.812	17.406	17.098	00	-1	-1
227.832568	+05.744460	23404	19	T13	194	6	2.00	227.832560	5.744459	0.077942	0.000016	19.840	17.799	16.890	16.477	16.162	00	-1	-1
227.646261	+05.656846	24288	31	T13	189	6	1.93	227.646250	5.656850	0.081336	0.000017	18.941	17.179	16.284	15.851	15.491	00	-1	-1
227.661659	+05.674413	24826	8	T13	75	12	1.08	227.661650	5.674416	0.082789	0.000005	17.547	16.775	16.547	16.309	16.304	00	-1	-1
227.666369	+05.655278	22987	20	T13	244	6	2.02	227.666370	5.655280	0.076682	0.000017	19.116	17.298	16.371	15.957	15.618	00	-1	-1
227.682419	+05.671538	24336	7	T13	46	13	1.10	227.682420	5.671539	0.081173	0.000008	17.859	17.053	16.859	16.686	16.696	00	-1	-1
227.698109	+05.649094	25590	14	T13	114	5	1.77	227.698110	5.649094	0.085342	0.000018	19.783	17.767	16.847	16.460	16.275	00	-1	-1
227.710364	+05.624756	23490	27	T13	55	8	1.69	227.710370	5.624755	0.078469	0.000027	20.007	18.526	17.763	17.396	17.136	00	-1	-1
227.717156	+05.657484	22438	34	T13	195	5	1.88	227.717160	5.657482	0.074873	0.000016	19.277	17.285	16.393	15.958	15.680	00	-1	-1
227.753609	+05.661349	24283	29	T13	221	6	1.93	227.753610	5.661345	0.081218	0.000018	18.802	17.105	16.198	15.777	15.489	00	-1	-1
227.774337	+05.645055	21996	15	T13	131	6	1.99	227.774330	5.645054	0.073333	0.000019	20.467	18.433	17.560	17.178	16.880	00	-1	-1
227.797515	+05.674171	20452	27	T13	59	5	1.36	227.797510	5.674173	0.068282	0.000015	18.608	17.070	16.588	16.368	16.146	00	-1	-1
227.799896	+05.653831	25232	48	T13	141	7	1.67	227.799890	5.653834	0.084427	0.000015	18.993	17.344	16.606	16.242	15.979	00	-1	-1
227.839657	+05.688951	21676	14	T13	106	6	1.86	227.839640	5.688960	0.072309	0.000020	20.359	18.046	17.214	16.817	16.465	00	-1	-1
227.633755	+05.799654	24279	29	T13	80	8	1.76	227.633750	5.799651	0.081298	0.000027	19.490	17.980	17.172	16.833	16.605	00	-1	-1
227.636880	+05.816595	22850	19	T13	202	8	1.91	227.636830	5.816609	0.076127	0.000024	19.623	18.014	17.114	16.708	16.432	00	-1	-1
227.651742	+05.834368	23672	24	T13	158	12	2.02	227.651730	5.834374	0.078964	0.000036	24.403	18.343	17.544	17.152	16.836	00	-1	-1
227.782420	+05.884611	23190	20	T13	216	6	2.03	227.782420	5.884616	0.077356	0.000017	19.181	17.287	16.376	15.965	15.691	00	-1	-1
227.813319	+05.872153	21853	4	SDSS	134	4	1.87	227.813310	5.872157	0.072897	0.000014	18.975	17.053	16.169	15.818	15.508	00	-1	-1
227.820690	+05.830397	21991	20	T13	150	5	1.83	227.820690	5.830400	0.073333	0.000016	19.018	17.313	16.446	16.065	15.826	00	-1	-1
227.855363	+05.809864	24217	22	T13	85	16	1.27	227.855360	5.809865	0.080782	0.000008	18.563	17.324	16.986	16.919	16.381	00	-1	-1
227.876647	+05.780759	24247	39	T13	125	9	2.02	227.876640	5.780757	0.081156	0.000028	20.247	18.593	17.751	17.341	17.053	00	-1	-1
227.572279	+05.701190	23410	22	T13	168	6	1.95	227.572290	5.701185	0.078071	0.000018	19.228	17.390	16.511	16.099	15.768	00	-1	-1
227.619569	+05.638179	23360	31	T13	185	7	1.92	227.619560	5.638185	0.078115	0.000020	20.216	18.153	17.249	16.844	16.492	00	-1	-1
227.639849	+05.634512	22456	16	T13	126	9	1.91	227.639840	5.634516	0.074830	0.000027	19.818	18.104	17.280	16.909	16.559	00	-1	-1
227.693824	+05.591427	21843	21	T13	43	14	1.40	227.693830	5.591427	0.072852	0.000015	19.538	18.431	17.692	17.348	16.900	00	-1	-1
227.729610	+05.558798	23742	40	T13	204	6	1.91	227.729610	5.558792	0.079395	0.000016	19.097	17.142	16.191	15.782	15.388	00	-1	-1
227.804755	+05.605045	22052	29	T13	63	6	1.73	227.804740	5.605049	0.073656	0.000020	19.755	18.275	17.560	17.230	16.936	00	-1	-1
227.819034	+05.575433	24442	26	T13	212	7	1.88	227.819020	5.575440	0.081385	0.000021	19.295	17.435	16.487	16.074	15.753	00	-1	-1
227.857863	+05.630805	24722	20	T13	152	5	1.97	227.857840	5.630816	0.082607	0.000016	19.925	17.880	16.939	16.549	16.352	00	-1	-1
227.705485	+05.947634	23918	31	T13	97	6	1.83	227.705490	5.947633	0.079919	0.000019	19.539	17.960	17.117	16.703	16.441	00	-1	-1
227.585798	+05.855017	24350	26	T13	46	17	1.28	227.585800	5.855022	0.081181	0.000008	19.342	18.206	17.659	17.297	17.329	00	-1	-1
227.581581	+05.786523	23564	30	T13	146	5	1.76	227.581580	5.786526	0.078626	0.000014	19.266	17.584	16.724	16.319	15.966	00	-1	-1
227.606046	+05.841118	22326	21	T13	234	5	1.96	227.606050	5.841124	0.074465	0.000013	18.185	16.355	15.472	15.066	14.717	00	-1	-1
227.832311	+05.877826	22017	19	T13	185	5	1.86	227.832310	5.877829	0.073409	0.000014	18.703	16.934	16.063	15.647	15.303	00	-1	-1
227.848733	+05.882248	22964	6	SDSS	89	6	1.77	227.848730	5.882250	0.076603	0.000020	20.351	18.606	17.754	17.358	17.056	00	-1	-1
227.881237	+05.854176	22098	7	SDSS	130	8	1.73	227.881230	5.854176	0.073714	0.000025	19.857	18.383	17.586	17.229	16.950	00	-1	-1
227.890406	+05.763153	25402	30	T13	92	6	1.31	227.890400	5.763150	0.084613	0.000030	18.533	17.081	16.347	15.996	15.702	00	-1	-1
227.543165	+05.571147	22898	20	T13	190	4	2.00	227.543170	5.571143	0.076493	0.000013	17.545	16.453	15.593	15.289	15.017	00	-1	-1
227.539187	+05.572411	22925	15	T13	146	7	1.95	227.539190	5.572406	0.076437	0.000022	24.459	17.958	16.408	15.976	15.749	00	-1	-1
227.468860	+05.679732	24223	24	T13	143	5	1.90	227.468860	5.679734	0.080687	0.000015	19.398	17.724	16.864	16.479	16.237	00	-1	-1
227.499771	+05.678734	21941	22	T13	232	6	1.94	227.499780	5.678735	0.073284	0.000016	19.325	17.444	16.545	16.155	15.868	00	-1	-1
227.554164	+05.603926	23728	21	T13	193	4	2.01	227.554170	5.603922	0.079077	0.000013	18.499	16.695	15.771	15.356	15.027	00	-1	-1
227.563557	+05.634793	24876	27	T13	150	8	1.77	227.563560	5.634789	0.083061	0.000024	20.052	18.274	17.401	17.027	16.741	00	-1	-1
227.572439	+05.558620	23921	22	T13	239	7	1.99	227.572450	5.558613	0.079960	0.000018	19.151	17.426	16.499	16.085	15.729	00	-1	-1
227.623117	+05.564746	24864	19	T13	132	6	1.86	227.623110	5.564751	0.083108	0.000019	20.259	18.322	17.478	17.097	16.742	00	-1	-1
227.788469	+05.519667	25000	34	T13	74	5	1.45	227.788460	5.519669	0.083426	0.000014	19.275	17.769	17.075	16.719	16.506	00	-1	-1
227.845552	+05.518841	22472	25	T13	114	5	1.76	227.845530	5.518851	0.075048	0.000016	19.416	17.863	17.077	16.719	16.475	00	-1	-1
227.887877	+05.563713	22045	14	T13	133	3	1.83	227.887860	5.563713	0.073592	0.000010	18.037	16.386	15.626	15.289	15.032	00	-1	-1
227.899724	+05.564534	24910	4	SDSS	150	5	1.90	227.899720	5.564538	0.083093	0.000016	19.185	17.539	16.649	16.289	15.919	00	-1	-1
227.943856	+05.604311	21673	31	T13	87	5	1.69	227.943850	5.604314	0.072529	0.000018	20.036	18.197	17.450	17.133	16.893	00	-1	-1
227.954688	+05.640496	23299	21	T13	121	7	1.85	227.954680	5.640498	0.077685	0.000023	20.668	18.475	17.643	17.239	16.899	00	-1	-1
227.577113	+05.974726	22680	33	T13	67	7	1.41	227.577120	5.974720	0.075719	0.000013	19.204	17.683	17.050	16.729	16.491	00	-1	-1
227.610607	+06.006674	23115	18	T13	109	5	1.67	227.610610	6.006667	0.077198	0.000015	18.441	16.684	15.940	15.633	15.458	00	-1	-1
227.632298	+06.001953	23988	19	T13	190	4	2.14	227.632280	6.001955	0.080054	0.000013	19.402	17.348	16.398	16.084	15.702	00	-1	-1
227.631931	+05.999191	24027	6	SDSS	165	7	1.98	227.631920	5.999193	0.080148	0.000021	20.051	18.141	17.246	16.881	16.562	00	-1	-1
227.632636	+05.977851	21991	21	T13	86	6	1.69	227.632630	5.977854	0.073179	0.000023	19.601	17.969	17.208	16.853	16.607	00	-1	-1
227.648448	+05.990620	25265	29	T13	73	6	1.71	227.648440	5.990621	0.084317	0.000024	19.540	17.824	17.071	16.714	16.492	00	-1	-1
227.651981	+06.025550	24331	20	T13	212	11	1.89	227.651970	6.025552	0.081255	0.000033	18.254	16.625	15.770	15.378	15.130	00	-1	-1
227.646214	+05.960126	22822	27	T13	127	6	1.83	227.646210	5.960129	0.076293	0.000019	20.036	18.297	17.495	17.107	16.774	00	-1	-1
227.668335	+05.956030	23392	21	T13	166	5	1.97	227.668340	5.956031	0.077909	0.000014	18.925	17.212	16.345	15.950	15.656	00	-1	-1
227.682258	+05.970624	23989	29	T13	168	5	2.03	227.682260	5.970624	0.080285	0.000016	19.408	17.847	16.938	16.541	16.225	00	-1	-1
227.753673	+05.971661	22345	6	SDSS	124	8	1.82	227.753690	5.971657	0.074537	0.000023	20.448	18.495	17.685	17.345	17.062	00	-1	-1
227.762765	+06.040409	23305	7	SDSS	96	7	1.98	227.762780	6.040405	0.077737	0.000024	20.029	18.291	17.439	17.068	16.712	00	-1	-1
227.739767	+05.981383	23548	9	SDSS	93	16	1.90	227.739780	5.981380	0.078550	0.000033	19.359	18.493	17.468	17.041	16.907	00	-1	-1
227.827956	+05.962355	22633	18	T13	143	6	1.98	227.827950	5.962356	0.075517	0.000019	19.365	17.970	17.098	16.709	16.374	00	-1	-1
227.923014	+05.937547	23771	35	T13	83	7	1.76	227.923020	5.937544	0.079506	0.000024	20.429	18.103	17.285	16.941	16.787	00	-1	-1
227.942990	+05.960422	23477	26	T13	145	6	1.78	227.942990	5.960420	0.078173	0.000017	18.953	17.307	16.409	15.959	15.642	00	-1	-1
227.626370	+05.501862	22004	15	T13	149	5	1.78	227.626380	5.501868	0.073394	0.000018	18.444	16.895	16.130	15.761	15.498	00	-1	-1
227.652481	+05.511606	23679	21	T13	191	7	1.93	227.652490	5.511615	0.079094	0.000022	20.034	18.344	17.448	17.064	16.766	00	-1	-1
227.658406	+05.495388	23956	41	T13	147	7	1.83	227.658420	5.495398	0.080261	0.000024	20.073	18.336	17.465	17.036	16.737	00	-1	-1
227.681392	+05.480890	22098	29	T13	126	7	1.88	227.681400	5.480902	0.073821	0.000022	19.933	18.266	17.386	17.013	16.664	00	-1	-1
227.526126	+05.843643	23314	26	T13	91	8	1.28	227.526130	5.843648	0.077818	0.000009	18.659	17.133	16.495	16.159	15.899	00	-1	-1
228.016950	+05.859114	23321	21	T13	153	4	1.85	228.016940	5.859116	0.077770	0.000013	18.429	16.772	15.950	15.538	15.243	00	-1	-1
228.022508	+05.769559	22545	24	T13	103	5	1.87	228.022510	5.769559	0.075260	0.000017	19.857	18.327	17.535	17.173	16.906	00	-1	-1
227.347278	+05.727425	24818	33	T13	198	5	1.96	227.347280	5.727429	0.082905	0.000014	18.952	17.046	16.149	15.728	15.436	00	-1	-1
227.430882	+05.670016	25131	19	T13	119	10	1.38	227.430880	5.670023	0.083935	0.000012	19.217	17.841	17.161	16.716	16.518	00	-1	-1
228.016630	+05.511696	24388	1	SDSS	60	17	1.18	228.016630	5.511698	0.081350	0.000006	19.037	18.068	17.618	17.241	17.043	00	-1	-1
228.039140	+05.503498	23008	4	SDSS	150	5	1.92	228.039130	5.503499	0.076748	0.000016	19.399	17.691	16.816	16.431	16.098	00	-1	-1
227.595972	+06.079738	22216	19	T13	93	5	1.71	227.595980	6.079733	0.074104	0.000016	19.524	17.784	16.883	16.473	16.412	00	-1	-1
227.473792	+05.969956	23006	18	T13	139	5	1.88	227.473800	5.969955	0.076722	0.000017	19.891	18.036	17.195	16.782	16.530	00	-1	-1
227.484660	+06.021158	23841	5	SDSS	155	6	1.81	227.484660	6.021159	0.079526	0.000018	19.426	17.785	16.847	16.430	16.074	00	-1	-1
227.519199	+06.041050	24876	19	T13	149	5	1.87	227.519200	6.041049	0.083021	0.000016	19.592	17.620	16.726	16.341	16.025	00	-1	-1
227.550686	+06.025392	22894	2	SDSS	75	8	1.32	227.550690	6.025390	0.076369	0.000007	17.974	16.982	16.508	16.166	16.044	00	-1	-1
227.596658	+06.037167	23178	25	T13	165	5	2.10	227.596660	6.037162	0.077414	0.000017	19.198	17.242	16.319	15.925	15.640	00	-1	-1
227.622921	+06.113515	21955	16	T13	188	6	1.92	227.622930	6.113509	0.073251	0.000018	18.069	16.297	15.498	15.130	14.924	00	-1	-1
227.834897	+06.065707	23265	26	T13	270	5	1.98	227.834890	6.065708	0.077719	0.000013	18.452	16.104	15.232	14.792	14.442	00	-1	-1
227.840761	+06.035147	23490	6	SDSS	145	7	1.90	227.840760	6.035149	0.078356	0.000022	19.639	18.268	17.403	17.049	16.712	00	-1	-1
227.849491	+06.074067	22994	6	SDSS	127	7	1.78	227.849490	6.074069	0.076702	0.000022	19.828	17.921	17.083	16.692	16.456	00	-1	-1
227.885366	+06.089841	22882	16	T13	101	4	1.89	227.885350	6.089850	0.076321	0.000014	19.423	17.714	16.885	16.524	16.232	00	-1	-1
227.967796	+06.029854	24415	25	T13	180	5	1.97	227.967790	6.029854	0.081679	0.000014	18.584	16.833	15.958	15.568	15.286	00	-1	-1
228.001920	+06.060653	22854	17	T13	187	5	2.04	228.001920	6.060652	0.076293	0.000015	18.837	16.997	16.104	15.707	15.389	00	-1	-1
228.018768	+06.046936	23553	19	T13	111	5	1.95	228.018770	6.046936	0.078479	0.000017	19.236	17.510	16.662	16.268	15.972	00	-1	-1
228.045741	+05.930411	24828	36	T13	57	10	1.60	228.045750	5.930408	0.082975	0.000019	19.579	18.478	17.767	17.405	17.199	00	-1	-1
227.745394	+06.111603	22677	22	T13	111	7	1.89	227.745420	6.111584	0.075606	0.000023	20.227	18.450	17.634	17.257	16.966	00	-1	-1
227.819369	+06.121696	23122	26	T13	108	6	1.34	227.819390	6.121679	0.077269	0.000020	19.631	18.175	17.304	16.914	16.646	00	-1	-1
227.965285	+06.085034	21765	6	T13	53	18	1.20	227.965310	6.085012	0.072624	0.000006	19.334	18.541	18.169	17.888	17.818	00	-1	-1
227.547992	+05.477620	23454	33	T13	148	9	1.85	227.548000	5.477631	0.078557	0.000027	20.409	18.564	17.663	17.281	17.037	00	-1	-1
227.661205	+05.431473	24784	31	T13	132	9	1.95	227.661220	5.431483	0.082672	0.000029	19.974	18.299	17.408	17.015	16.756	00	-1	-1
227.751148	+05.414094	24663	19	T13	53	8	1.75	227.751160	5.414102	0.082461	0.000027	20.291	18.402	17.553	17.190	16.913	00	-1	-1
227.754713	+05.449347	22769	20	T13	131	6	1.95	227.754720	5.449355	0.075945	0.000021	19.851	18.161	17.302	16.928	16.619	00	-1	-1
227.771327	+05.360574	24681	31	T13	95	14	1.33	227.771340	5.360582	0.082163	0.000011	18.601	17.217	16.627	16.242	16.195	00	-1	-1
227.785297	+05.391298	23693	39	T13	82	16	1.39	227.785310	5.391304	0.079202	0.000020	20.666	18.379	17.618	17.213	17.212	00	-1	-1
227.938252	+05.464963	24724	38	T13	96	11	1.66	227.938260	5.464970	0.082616	0.000029	19.683	18.338	17.378	16.921	16.571	00	-1	-1
227.985445	+05.482143	22432	25	T13	115	7	1.81	227.985460	5.482150	0.075040	0.000023	19.927	18.145	17.250	16.876	16.528	00	-1	-1
227.893829	+05.415242	24698	54	T13	85	15	1.76	227.893840	5.415250	0.082629	0.000027	19.689	18.627	17.668	17.207	16.714	00	-1	-1
227.411677	+05.941243	23659	7	SDSS	66	10	1.61	227.411680	5.941240	0.078920	0.000026	18.768	17.412	16.766	16.410	16.151	00	-1	-1
227.404093	+05.775235	22932	5	SDSS	84	6	1.92	227.404100	5.775226	0.076496	0.000020	19.851	18.038	17.222	16.852	16.563	00	-1	-1
227.445164	+05.871903	24864	21	T13	164	7	1.82	227.445180	5.871891	0.082976	0.000019	19.266	17.514	16.694	16.318	16.035	00	-1	-1
227.466693	+05.949048	23437	5	SDSS	153	6	1.92	227.466710	5.949034	0.078178	0.000017	19.633	18.034	17.165	16.769	16.468	00	-1	-1
227.523326	+05.952456	22445	2	SDSS	104	9	1.55	227.523330	5.952462	0.074871	0.000010	18.654	17.546	16.769	16.348	16.060	00	-1	-1
228.078206	+05.815776	22652	30	T13	119	6	1.74	228.078200	5.815778	0.075723	0.000017	19.572	17.881	17.072	16.715	16.512	00	-1	-1
227.633205	+05.255988	23578	8	SDSS	132	11	1.65	227.633200	5.255987	0.078650	0.000029	19.241	17.592	16.752	16.338	16.033	00	-1	-1
227.660431	+05.238773	22680	21	T13	178	6	1.95	227.660430	5.238770	0.075597	0.000017	18.155	16.475	15.606	15.221	14.979	00	-1	-1
227.762153	+05.293112	23081	35	T13	191	7	1.72	227.762150	5.293107	0.076962	0.000014	17.772	15.754	14.930	14.589	14.591	00	-1	-1
227.829187	+05.238314	23888	4	SDSS	342	6	1.95	227.829170	5.238323	0.079685	0.000015	17.444	15.307	14.332	13.894	13.615	00	-1	-1
227.822323	+05.222137	23726	5	SDSS	299	7	2.03	227.822310	5.222145	0.079145	0.000017	19.110	16.816	15.791	15.348	15.080	00	-1	-1
227.742242	+05.247452	24433	24	T13	163	8	2.02	227.742240	5.247447	0.081486	0.000023	19.511	17.841	16.961	16.565	16.276	00	-1	-1
227.769033	+05.272489	24764	30	T13	52	12	1.33	227.769030	5.272486	0.082543	0.000012	19.385	18.231	17.616	17.295	17.216	00	-1	-1
227.781421	+05.244875	22636	21	T13	70	9	1.81	227.781410	5.244876	0.075527	0.000033	20.273	18.401	17.672	17.361	17.183	00	-1	-1
227.790894	+05.272592	24951	4	SDSS	158	5	1.89	227.790890	5.272593	0.083230	0.000017	17.870	16.361	15.614	15.251	14.965	00	-1	-1
227.796254	+05.257419	22716	22	T13	36	19	1.13	227.796240	5.257422	0.075744	0.000008	19.343	18.119	17.669	17.428	17.325	00	-1	-1
227.823394	+05.296523	24465	6	SDSS	148	6	1.90	227.823380	5.296529	0.081610	0.000021	19.200	17.375	16.479	16.101	15.855	00	-1	-1
227.853793	+05.228763	24065	2	SDSS	80	15	1.38	227.853790	5.228763	0.080275	0.000009	19.721	18.293	17.607	17.239	17.005	00	-1	-1
227.878223	+05.274611	23858	31	T13	108	7	1.79	227.878220	5.274612	0.079784	0.000026	21.031	18.587	17.726	17.354	17.111	00	-1	-1
227.272042	+05.734224	24431	28	T13	234	8	1.93	227.272040	5.734226	0.081394	0.000022	19.334	17.721	16.803	16.397	16.074	00	-1	-1
227.304983	+05.740076	23098	21	T13	146	6	1.83	227.304980	5.740080	0.077132	0.000016	19.718	18.063	17.253	16.874	16.598	00	-1	-1
227.327311	+05.618796	24976	29	T13	184	4	1.92	227.327310	5.618800	0.083397	0.000014	18.607	16.884	15.997	15.591	15.296	00	-1	-1
228.162011	+05.546702	23673	6	SDSS	146	7	1.86	228.162020	5.546702	0.078967	0.000021	18.923	17.070	16.196	15.814	15.562	00	-1	-1
228.108015	+05.574366	21828	8	SDSS	109	9	1.81	228.108020	5.574366	0.072812	0.000028	20.136	18.530	17.734	17.322	17.022	00	-1	-1
228.150288	+05.619961	22875	7	SDSS	73	7	1.84	228.150290	5.619958	0.076306	0.000025	20.364	18.367	17.533	17.137	16.882	00	-1	-1
228.185362	+05.567938	24534	6	SDSS	142	7	1.89	228.185370	5.567944	0.081839	0.000022	19.800	17.977	17.099	16.741	16.463	00	-1	-1
228.209748	+05.603822	21965	3	SDSS	54	9	1.37	228.209750	5.603825	0.073270	0.000013	19.383	17.928	17.256	16.972	16.834	00	-1	-1
227.315359	+06.029926	23190	13	SDSS	60	14	1.76	227.315370	6.029924	0.077355	0.000044	19.798	18.372	17.559	17.220	16.929	00	-1	-1
227.440502	+06.087295	21909	26	T13	120	10	1.31	227.440510	6.087296	0.072929	0.000008	17.663	16.472	15.891	15.515	15.350	00	-1	-1
227.472009	+06.092120	22815	28	T13	60	10	1.40	227.472020	6.092122	0.076036	0.000010	19.392	18.336	17.668	17.328	17.132	00	-1	-1
227.550564	+06.119296	22985	20	T13	137	6	1.94	227.550570	6.119294	0.076706	0.000018	19.233	17.474	16.634	16.269	15.944	00	-1	-1
228.118549	+06.020920	23426	22	T13	61	8	1.52	228.118550	6.020919	0.078251	0.000015	19.974	18.395	17.639	17.277	17.018	00	-1	-1
228.185594	+06.034530	23347	4	SDSS	107	13	1.55	228.185600	6.034527	0.077879	0.000016	20.791	18.197	17.380	16.922	16.518	00	-1	-1
227.579651	+06.164787	24207	27	T13	110	6	1.83	227.579680	6.164786	0.080898	0.000018	20.123	17.980	17.150	16.753	16.476	00	-1	-1
227.549249	+06.161201	23551	18	T13	128	5	1.80	227.549280	6.161192	0.078502	0.000015	19.116	17.380	16.538	16.182	15.880	00	-1	-1
227.948829	+06.125513	22981	22	T13	200	6	2.03	227.948830	6.125515	0.076620	0.000018	19.429	17.605	16.702	16.287	15.946	00	-1	-1
227.996392	+06.096248	21871	2	SDSS	90	8	1.41	227.996390	6.096248	0.072957	0.000007	18.064	16.753	16.215	15.907	15.766	00	-1	-1
227.321298	+05.539369	21829	23	T13	35	21	1.24	227.321300	5.539380	0.072760	0.000009	19.236	18.050	17.451	17.099	16.990	00	-1	-1
227.325466	+05.516321	23775	31	T13	123	11	1.54	227.325470	5.516330	0.079136	0.000014	19.159	17.736	16.827	16.310	15.946	00	-1	-1
227.398563	+05.529403	25061	21	T13	149	5	1.92	227.398540	5.529402	0.083682	0.000016	19.160	17.221	16.326	15.916	15.630	00	-1	-1
227.407525	+05.391741	23343	44	T13	103	9	1.71	227.407550	5.391730	0.077949	0.000024	19.190	17.594	16.761	16.350	16.060	00	-1	-1
227.545029	+05.338855	25118	27	T13	188	5	1.87	227.545040	5.338867	0.083876	0.000016	19.190	17.368	16.420	16.062	15.807	00	-1	-1
227.452086	+05.372625	22636	23	T13	126	7	1.77	227.452100	5.372635	0.075590	0.000021	19.082	17.546	16.840	16.455	16.251	00	-1	-1
227.744193	+05.318078	24143	38	T13	102	6	1.50	227.744200	5.318089	0.080682	0.000014	17.582	16.259	15.608	15.271	15.203	00	-1	-1
227.719029	+05.323728	24100	4	SDSS	67	10	1.50	227.719040	5.323739	0.080389	0.000015	19.535	18.182	17.452	17.099	16.804	00	-1	-1
227.746980	+05.334690	23931	21	T13	92	6	1.65	227.746990	5.334699	0.079915	0.000020	19.677	18.071	17.292	16.956	16.651	00	-1	-1
227.759186	+05.315438	24473	35	T13	203	6	2.01	227.759190	5.315435	0.081884	0.000014	18.765	17.198	16.338	15.930	15.689	00	-1	-1
227.780800	+05.317282	23467	3	SDSS	343	5	2.02	227.780810	5.317283	0.078282	0.000012	17.033	15.271	14.361	13.945	13.691	00	-1	-1
227.782312	+05.327125	24172	5	SDSS	254	7	1.94	227.782320	5.327132	0.080632	0.000019	19.199	17.249	16.310	15.900	15.602	00	-1	-1
227.773244	+05.313777	24411	5	SDSS	179	6	2.00	227.773250	5.313786	0.081429	0.000020	19.847	17.799	16.897	16.503	16.243	00	-1	-1
227.782758	+05.346846	23849	26	T13	127	6	1.87	227.782770	5.346853	0.079676	0.000021	20.285	18.410	17.533	17.162	16.891	00	-1	-1
227.805494	+05.335861	22538	5	SDSS	159	7	1.75	227.805500	5.335867	0.075181	0.000019	19.248	17.576	16.655	16.162	15.815	00	-1	-1
227.857807	+05.334658	22772	4	SDSS	102	11	1.53	227.857820	5.334661	0.075961	0.000014	19.249	17.964	17.328	16.934	16.737	00	-1	-1
227.917198	+05.337632	24266	6	SDSS	188	8	1.85	227.917210	5.337640	0.080944	0.000023	19.493	17.758	16.925	16.506	16.283	00	-1	-1
227.885669	+05.370178	25449	2	SDSS	53	13	1.12	227.885680	5.370184	0.084891	0.000009	18.384	17.534	17.101	16.996	16.846	00	-1	-1
227.921940	+05.302564	25237	19	SDSS	1.26	1	DR9	227.921950	5.302574	0.084182	0.000064	18.655	17.109	16.282	15.825	15.626	00	-1	-1
228.021981	+05.381519	23187	31	T13	120	6	1.79	228.021990	5.381527	0.077635	0.000019	19.593	17.932	17.030	16.642	16.388	00	-1	-1
228.060760	+05.449506	22647	6	SDSS	82	6	1.83	228.060770	5.449516	0.075545	0.000022	19.375	17.802	16.979	16.626	16.294	00	-1	-1
227.265460	+05.974913	23019	4	SDSS	125	10	1.64	227.265460	5.974916	0.076784	0.000014	18.289	16.962	16.184	15.859	15.580	00	-1	-1
227.307649	+05.912481	23508	4	SDSS	83	4	1.81	227.307640	5.912484	0.078417	0.000015	19.431	17.640	16.830	16.469	16.115	00	-1	-1
227.333145	+05.903916	23398	5	SDSS	211	7	1.91	227.333140	5.903929	0.078051	0.000020	19.183	17.401	16.530	16.145	15.862	00	-1	-1
228.276887	+05.803573	23623	9	SDSS	90	9	1.64	228.276890	5.803573	0.078800	0.000030	19.673	18.420	17.579	17.196	16.908	00	-1	-1
227.485551	+06.199351	24084	24	T13	100	7	1.82	227.485560	6.199336	0.080337	0.000025	19.627	18.266	17.421	17.036	16.783	00	-1	-1
227.550848	+06.214250	23915	30	T13	136	5	1.94	227.550850	6.214255	0.079916	0.000018	19.682	17.779	16.903	16.476	16.288	00	-1	-1
227.599178	+06.268800	23096	3	SDSS	84	26	1.35	227.599170	6.268802	0.077042	0.000010	18.831	17.847	17.271	16.920	16.746	00	-1	-1
227.632754	+06.245276	24145	8	SDSS	98	8	1.97	227.632750	6.245283	0.080541	0.000027	19.997	18.073	17.217	16.821	16.666	00	-1	-1
227.640503	+06.204891	24759	28	T13	113	8	1.96	227.640500	6.204897	0.082702	0.000026	20.286	18.588	17.672	17.277	16.937	00	-1	-1
227.659385	+06.231358	24208	11	SDSS	79	11	1.83	227.659380	6.231360	0.080751	0.000039	20.068	18.553	17.737	17.379	17.361	00	-1	-1
227.679872	+06.198118	22018	31	T13	76	12	1.51	227.679870	6.198121	0.073326	0.000016	19.730	18.082	17.388	17.013	16.765	00	-1	-1
227.711962	+06.204290	23281	21	T13	117	6	1.92	227.711960	6.204297	0.077594	0.000018	20.042	18.338	17.470	17.096	16.824	00	-1	-1
227.718379	+06.171009	24228	32	T13	195	4	1.93	227.718380	6.171017	0.081025	0.000013	17.897	16.364	15.510	15.081	14.807	00	-1	-1
227.790754	+06.201177	24007	4	SDSS	171	5	2.03	227.790760	6.201192	0.080079	0.000016	19.107	17.390	16.494	16.094	15.781	00	-1	-1
227.880190	+06.262978	23342	6	SDSS	190	7	1.85	227.880190	6.262984	0.077864	0.000021	19.115	17.375	16.517	16.116	15.856	00	-1	-1
227.796367	+06.237473	23630	36	T13	174	20	1.48	227.796370	6.237480	0.078806	0.000019	19.358	18.199	17.468	17.099	16.822	00	-1	-1
227.803834	+06.304951	24314	32	T13	189	7	1.86	227.803840	6.304961	0.081331	0.000020	19.175	17.462	16.599	16.178	15.832	00	-1	-1
227.814826	+06.258876	23241	5	SDSS	187	7	1.95	227.814830	6.258885	0.077526	0.000019	19.772	18.029	17.136	16.739	16.403	00	-1	-1
227.844842	+06.214889	22642	23	T13	57	15	1.24	227.844770	6.214905	0.075559	0.000010	18.472	17.456	16.980	16.622	16.474	00	-1	-1
227.842388	+06.169985	23717	28	T13	170	6	1.90	227.842390	6.169989	0.079098	0.000018	18.884	17.180	16.268	15.826	15.522	00	-1	-1
227.872875	+06.193147	24400	21	T13	129	6	1.90	227.872880	6.193151	0.081470	0.000021	19.985	17.996	17.133	16.732	16.462	00	-1	-1
227.893142	+06.201095	23101	12	T13	204	6	1.50	227.893150	6.201098	0.077063	0.000008	18.265	16.557	15.744	15.298	15.056	00	-1	-1
227.897251	+06.252677	24016	23	T13	136	6	1.84	227.897260	6.252682	0.080106	0.000019	19.350	17.772	16.884	16.482	16.217	00	-1	-1
227.902793	+06.181272	24462	20	T13	115	5	1.71	227.902800	6.181274	0.081744	0.000016	19.350	17.666	16.880	16.518	16.296	00	-1	-1
227.914193	+06.261868	23468	4	SDSS	104	10	1.53	227.914200	6.261872	0.078281	0.000016	19.121	17.853	17.182	16.865	16.664	00	-1	-1
227.935110	+06.262132	23782	4	SDSS	74	7	1.61	227.935120	6.262136	0.079330	0.000016	18.427	16.954	16.255	15.908	15.874	00	-1	-1
227.931501	+06.179255	23724	3	SDSS	305	5	2.00	227.931500	6.179255	0.079138	0.000013	17.409	15.662	14.786	14.354	14.118	00	-1	-1
227.951314	+06.185049	24051	8	SDSS	39	9	1.73	227.951320	6.185049	0.080227	0.000028	19.925	18.464	17.616	17.297	17.006	00	-1	-1
227.970162	+06.179222	23708	25	T13	164	5	2.04	227.970170	6.179223	0.079223	0.000017	18.991	17.211	16.333	15.951	15.668	00	-1	-1
228.013330	+06.183399	23417	25	T13	96	6	1.71	228.013330	6.183401	0.078201	0.000020	20.387	18.541	17.771	17.431	17.197	00	-1	-1
227.367195	+05.337713	22320	2	SDSS	95	13	1.08	227.367200	5.337713	0.074454	0.000008	18.150	17.433	17.162	16.858	16.840	00	-1	-1
227.297668	+05.321750	23878	26	T13	53	10	1.27	227.297670	5.321749	0.079638	0.000009	18.623	17.672	17.088	16.767	16.622	00	-1	-1
227.381709	+05.309145	22723	22	T13	122	6	1.87	227.381710	5.309144	0.075890	0.000019	19.844	17.991	17.180	16.832	16.493	00	-1	-1
227.662089	+05.182583	23996	39	T13	271	6	1.89	227.662090	5.182578	0.080025	0.000015	18.151	16.228	15.255	14.848	14.644	00	-1	-1
227.587988	+05.176809	23983	32	T13	83	9	1.54	227.587980	5.176812	0.080197	0.000017	19.741	18.505	17.679	17.342	16.981	00	-1	-1
227.620391	+05.220797	24004	28	T13	116	7	1.77	227.620390	5.220797	0.080397	0.000022	19.581	18.039	17.225	16.861	16.559	00	-1	-1
227.644899	+05.211864	23094	24	T13	60	13	1.25	227.644900	5.211862	0.076936	0.000008	18.595	17.450	16.928	16.657	16.443	00	-1	-1
227.693709	+05.114748	22936	26	T13	115	6	1.80	227.693720	5.114737	0.076564	0.000019	19.682	17.880	17.055	16.715	16.476	00	-1	-1
227.780144	+05.211710	23502	28	T13	138	8	1.93	227.780130	5.211713	0.078337	0.000023	19.812	17.960	17.116	16.711	16.421	00	-1	-1
227.811731	+05.184864	23595	4	SDSS	195	6	1.92	227.811710	5.184873	0.078707	0.000017	18.372	16.714	15.869	15.487	15.230	00	-1	-1
227.830975	+05.198540	24131	7	SDSS	74	7	1.78	227.830950	5.198550	0.080494	0.000025	20.038	18.166	17.329	17.027	16.705	00	-1	-1
227.940448	+05.184798	24198	5	SDSS	111	10	1.54	227.940450	5.184798	0.080719	0.000018	19.388	17.993	17.060	16.594	16.339	00	-1	-1
227.185648	+05.664321	23295	5	SDSS	117	6	1.83	227.185640	5.664330	0.077705	0.000019	20.053	17.939	17.105	16.709	16.406	00	-1	-1
228.347898	+05.557355	22660	6	SDSS	155	7	1.87	228.347870	5.557364	0.075588	0.000022	19.679	18.022	17.208	16.858	16.573	00	-1	-1
228.379769	+05.576823	23092	9	SDSS	140	11	1.71	228.379760	5.576826	0.077029	0.000032	19.650	18.482	17.691	17.308	17.061	00	-1	-1
227.218388	+06.156654	23228	4	SDSS	120	6	1.54	227.218380	6.156653	0.077485	0.000015	17.493	16.210	15.505	15.049	15.051	00	-1	-1
227.260307	+06.140397	23193	3	SDSS	125	4	1.62	227.260300	6.140400	0.077367	0.000012	18.699	17.229	16.497	16.124	15.911	00	-1	-1
228.308206	+05.971214	23148	21	T13	193	6	1.91	228.308210	5.971212	0.077225	0.000017	19.178	17.340	16.503	16.120	15.954	00	-1	-1
227.773013	+06.363684	24383	5	SDSS	236	7	2.00	227.773050	6.363687	0.081335	0.000019	19.346	17.343	16.401	15.979	15.670	00	-1	-1
227.817934	+06.398235	24728	4	SDSS	250	5	1.98	227.817960	6.398230	0.082487	0.000015	18.048	16.248	15.317	14.902	14.601	00	-1	-1
227.881065	+06.373836	24541	6	SDSS	199	6	2.06	227.881040	6.373837	0.081863	0.000020	19.907	18.045	17.123	16.723	16.383	00	-1	-1
227.955669	+06.365898	22973	5	SDSS	141	6	1.94	227.955680	6.365915	0.076630	0.000017	19.525	17.778	16.906	16.531	16.267	00	-1	-1
227.977357	+06.378248	23795	4	SDSS	77	9	1.57	227.977360	6.378257	0.079373	0.000015	18.982	17.691	16.968	16.602	16.378	00	-1	-1
228.000477	+06.343290	24021	27	T13	169	4	1.95	228.000470	6.343309	0.080316	0.000014	19.046	17.328	16.405	16.010	15.730	00	-1	-1
228.061022	+06.338060	24178	4	SDSS	128	5	1.77	228.061020	6.338062	0.080653	0.000017	18.656	17.371	16.483	16.036	15.765	00	-1	-1
227.154068	+05.527978	22210	20	T13	39	16	1.22	227.154070	5.527982	0.074127	0.000006	18.060	17.282	16.998	16.779	16.731	00	-1	-1
227.245682	+05.502438	22734	29	T13	125	11	1.66	227.245680	5.502442	0.076111	0.000032	19.336	17.759	16.899	16.500	16.265	00	-1	-1
227.246252	+05.362035	23506	6	SDSS	134	9	1.64	227.246250	5.362040	0.078409	0.000022	19.224	17.846	16.910	16.422	16.088	00	-1	-1
228.131930	+05.315001	22695	4	SDSS	205	5	2.00	228.131940	5.315010	0.075703	0.000016	18.975	17.282	16.361	15.952	15.625	00	-1	-1
228.166497	+05.337134	24346	2	SDSS	104	9	1.25	228.166500	5.337142	0.081211	0.000008	17.638	16.547	16.023	15.710	15.596	00	-1	-1
227.132363	+05.845066	23168	4	SDSS	161	5	1.78	227.132350	5.845066	0.077286	0.000017	18.957	17.276	16.403	15.995	15.742	00	-1	-1
227.140714	+05.837849	23210	5	SDSS	120	6	1.87	227.140730	5.837855	0.077424	0.000020	20.129	18.345	17.460	17.067	16.774	00	-1	-1
227.144702	+05.963129	23178	8	SDSS	68	10	1.61	227.144710	5.963137	0.077314	0.000030	19.474	18.239	17.509	17.174	16.806	00	-1	-1
227.203256	+05.986406	23432	6	SDSS	159	7	1.92	227.203250	5.986408	0.078162	0.000021	20.389	18.303	17.433	17.020	16.762	00	-1	-1
227.438780	+06.220387	22885	17	T13	145	6	1.94	227.438780	6.220382	0.076332	0.000020	18.654	16.950	16.079	15.647	15.385	00	-1	-1
227.395365	+06.252541	22907	4	SDSS	213	5	2.03	227.395360	6.252547	0.076413	0.000015	18.640	16.894	16.031	15.635	15.376	00	-1	-1
227.691437	+06.366111	22220	4	SDSS	148	7	1.74	227.691440	6.366111	0.074120	0.000016	18.582	17.076	16.359	15.958	15.698	00	-1	-1
227.746724	+06.335763	24575	17	T13	153	5	2.05	227.746730	6.335773	0.082062	0.000018	19.393	17.423	16.487	16.086	15.764	00	-1	-1
227.765698	+06.315136	24453	21	T13	123	11	1.92	227.765700	6.315149	0.081704	0.000033	19.891	18.335	17.443	17.042	16.785	00	-1	-1
227.839160	+06.312505	24070	7	SDSS	122	8	1.84	227.839160	6.312513	0.080291	0.000025	20.321	18.402	17.574	17.200	16.921	00	-1	-1
227.860464	+06.349078	24281	4	SDSS	295	6	1.95	227.860500	6.349100	0.080993	0.000013	20.726	18.517	17.543	17.134	16.771	00	-1	-1
227.858342	+06.298950	24739	6	SDSS	219	8	2.01	227.858350	6.298958	0.082522	0.000023	19.996	18.237	17.328	16.908	16.568	00	-1	-1
227.895674	+06.332277	24699	5	SDSS	254	6	1.97	227.895680	6.332280	0.082390	0.000019	19.431	17.551	16.627	16.203	15.879	00	-1	-1
227.897096	+06.350551	24542	5	SDSS	210	7	1.93	227.897100	6.350552	0.081865	0.000019	19.684	17.958	17.046	16.655	16.313	00	-1	-1
227.923742	+06.344145	23903	28	T13	127	8	2.00	227.923750	6.344144	0.079845	0.000026	20.256	18.671	17.775	17.365	17.035	00	-1	-1
227.929487	+06.297943	23966	4	SDSS	220	6	1.88	227.929490	6.297947	0.079945	0.000017	18.717	17.076	16.232	15.835	15.555	00	-1	-1
228.038661	+06.310782	22442	4	SDSS	148	5	1.96	228.038670	6.310786	0.074861	0.000015	19.443	17.756	16.884	16.474	16.161	00	-1	-1
228.039642	+06.292108	24006	7	SDSS	206	8	2.01	228.039650	6.292113	0.080078	0.000025	20.344	18.261	17.349	16.934	16.643	00	-1	-1
228.084368	+06.298767	24364	5	SDSS	122	6	1.92	228.084370	6.298771	0.081270	0.000019	19.536	17.720	16.792	16.425	16.062	00	-1	-1
228.110483	+06.183466	23614	22	T13	82	6	1.78	228.110490	6.183470	0.078708	0.000019	19.795	18.273	17.480	17.113	16.871	00	-1	-1
228.186588	+06.179161	23343	22	T13	151	4	1.90	228.186590	6.179164	0.077908	0.000014	18.749	17.097	16.249	15.856	15.555	00	-1	-1
227.343160	+05.210804	22510	45	T13	84	9	1.48	227.343160	5.210803	0.075263	0.000024	18.748	17.519	16.895	16.630	16.356	00	-1	-1
227.919864	+05.096634	23715	3	SDSS	39	20	1.35	227.919870	5.096634	0.079107	0.000010	18.654	17.684	17.218	16.939	17.022	00	-1	-1
228.410844	+05.534261	24167	4	SDSS	95	5	1.75	228.410840	5.534257	0.080613	0.000016	19.352	17.944	17.195	16.839	16.546	00	-1	-1
227.174853	+06.138595	23870	6	SDSS	140	8	1.77	227.174840	6.138600	0.079625	0.000020	19.022	17.453	16.605	16.196	15.912	00	-1	-1
227.512119	+06.397709	24507	32	T13	38	19	1.42	227.512140	6.397687	0.081808	0.000017	19.461	18.034	17.429	17.111	16.832	00	-1	-1
227.874320	+06.439763	22637	2	SDSS	44	11	1.28	227.874330	6.439768	0.075511	0.000009	19.378	18.137	17.608	17.284	17.130	00	-1	-1
227.894685	+06.432682	24555	28	T13	160	13	1.89	227.894660	6.432693	0.082188	0.000036	20.281	18.488	17.635	17.237	16.962	00	-1	-1
227.905823	+06.461828	24245	10	SDSS	82	11	1.76	227.905830	6.461835	0.080874	0.000036	18.294	16.854	16.132	15.848	15.878	00	-1	-1
227.969322	+06.400838	24166	8	SDSS	96	8	1.81	227.969330	6.400864	0.080611	0.000027	20.220	18.433	17.552	17.148	16.876	00	-1	-1
228.146596	+06.371292	24231	20	T13	88	6	1.81	228.146600	6.371274	0.080824	0.000022	19.433	17.954	17.077	16.666	16.510	00	-1	-1
227.140057	+06.188493	23312	3	SDSS	280	5	1.99	227.140050	6.188504	0.077764	0.000013	17.078	15.159	14.244	13.831	13.565	00	-1	-1
227.155843	+06.188295	23058	5	SDSS	179	6	1.97	227.155830	6.188296	0.076915	0.000017	20.083	17.750	16.838	16.417	16.148	00	-1	-1
227.886130	+05.080009	23492	23	T13	38	14	1.16	227.886140	5.080020	0.078301	0.000008	19.329	18.060	17.556	17.196	17.000	00	-1	-1
227.102543	+05.534123	23530	5	SDSS	134	6	1.93	227.102550	5.534133	0.078490	0.000018	19.293	17.857	16.968	16.558	16.286	00	-1	-1
228.378935	+05.440181	22898	4	SDSS	254	5	1.91	228.378940	5.440183	0.076380	0.000015	18.463	16.626	15.679	15.252	14.974	00	-1	-1
228.496239	+05.783765	22789	11	SDSS	34	11	1.67	228.496240	5.783770	0.076019	0.000039	20.256	18.175	17.499	17.161	17.034	00	-1	-1
228.205998	+06.311740	23478	4	SDSS	232	6	2.01	228.206000	6.311743	0.078316	0.000017	18.912	17.145	16.252	15.843	15.547	00	-1	-1
227.231979	+05.186040	22911	8	SDSS	65	9	1.64	227.231980	5.186031	0.076423	0.000028	20.635	18.392	17.493	17.190	16.917	00	-1	-1
227.262318	+05.147420	22523	6	SDSS	148	7	1.82	227.262320	5.147420	0.075129	0.000021	19.560	17.951	17.113	16.755	16.435	00	-1	-1
228.193500	+05.149633	23435	2	SDSS	63	11	1.30	228.193500	5.149626	0.078172	0.000009	18.327	17.114	16.565	16.338	16.350	00	-1	-1
228.249855	+05.198202	24234	7	SDSS	132	8	1.89	228.249860	5.198196	0.080837	0.000027	20.479	18.584	17.704	17.292	17.033	00	-1	-1
226.964650	+05.788797	24178	3	SDSS	102	12	1.53	226.964640	5.788803	0.080649	0.000012	20.628	18.370	17.476	17.002	16.721	00	-1	-1
228.466467	+05.487692	24190	4	SDSS	186	5	2.07	228.466490	5.487679	0.080691	0.000017	19.125	17.212	16.373	15.883	15.582	00	-1	-1
227.031227	+06.121935	23230	5	SDSS	78	8	1.54	227.031230	6.121937	0.077489	0.000020	20.162	18.383	17.607	17.255	16.935	00	-1	-1
227.471080	+06.479492	24125	11	SDSS	50	11	1.58	227.471080	6.479498	0.080474	0.000038	19.074	18.096	17.234	16.871	16.683	00	-1	-1
227.845433	+06.512213	22829	3	SDSS	65	12	1.34	227.845430	6.512202	0.076152	0.000012	18.379	17.304	16.775	16.518	16.387	00	-1	-1
228.262530	+06.326732	23607	3	SDSS	6	0	1.49	228.262550	6.326722	0.078746	0.000010	18.931	18.113	17.677	17.294	17.131	00	-1	-1
228.358346	+06.326972	23955	5	SDSS	128	6	1.72	228.358350	6.326953	0.079907	0.000020	19.880	17.785	17.036	16.712	16.480	00	-1	-1
227.060782	+06.205289	23643	3	SDSS	75	8	1.44	227.060790	6.205289	0.078867	0.000012	18.766	17.193	16.648	16.388	16.220	00	-1	-1
227.276683	+05.127814	22882	5	SDSS	133	5	1.79	227.276690	5.127830	0.076326	0.000018	19.451	17.860	16.976	16.588	16.348	00	-1	-1
227.602852	+04.955076	23525	23	T13	119	7	1.35	227.602850	4.955077	0.078460	0.000014	18.309	16.854	16.125	15.740	15.611	00	-1	-1
227.749684	+04.945755	23477	7	SDSS	162	8	1.16	227.749690	4.945764	0.078312	0.000027	19.596	17.838	16.953	16.554	16.271	00	-1	-1
227.888764	+04.990880	24163	5	SDSS	73	15	1.35	227.888770	4.990890	0.080601	0.000017	20.056	18.430	17.743	17.361	17.340	00	-1	-1
227.971588	+04.961970	23931	3	SDSS	94	11	1.34	227.971600	4.961980	0.079825	0.000011	19.214	17.807	17.209	16.844	16.597	00	-1	-1
228.064374	+05.047494	23341	6	SDSS	170	7	1.79	228.064380	5.047508	0.077860	0.000022	18.990	17.119	16.238	15.839	15.535	00	-1	-1
226.991334	+05.475454	23234	5	SDSS	225	6	1.99	226.991330	5.475458	0.077502	0.000018	19.758	17.515	16.603	16.136	15.810	00	-1	-1
226.976355	+05.489558	23172	9	SDSS	125	11	1.68	226.976330	5.489570	0.077294	0.000031	20.402	18.199	17.323	16.945	16.600	00	-1	-1
226.923687	+05.836497	24193	7	SDSS	0.97	0	DR9	226.923690	5.836498	0.080702	0.000025	18.535	18.083	17.776	17.203	17.315	00	-1	-1
227.544185	+04.892877	23540	4	SDSS	61	11	1.28	227.544180	4.892883	0.078523	0.000016	20.436	18.576	17.780	17.315	17.154	00	-1	-1
227.784506	+04.854645	23073	4	SDSS	0.99	0	DR9	227.784500	4.854651	0.076965	0.000016	17.197	16.650	16.443	15.989	16.012	00	-1	-1
227.684636	+04.889406	23555	5	SDSS	139	6	1.89	227.684650	4.889398	0.078572	0.000020	19.486	17.540	16.648	16.222	15.849	00	-1	-1
227.699012	+04.873571	23629	6	SDSS	193	7	1.87	227.699020	4.873563	0.078819	0.000021	19.772	17.788	16.887	16.472	16.201	00	-1	-1
227.717529	+04.867702	24174	5	SDSS	283	6	1.91	227.717530	4.867698	0.080637	0.000017	17.655	15.761	14.875	14.435	14.166	00	-1	-1
227.720437	+04.851026	23791	5	SDSS	175	6	2.01	227.720440	4.851021	0.079360	0.000017	19.572	17.354	16.448	16.057	15.741	00	-1	-1
226.970940	+05.376592	23153	3	SDSS	125	12	1.67	226.970940	5.376588	0.077230	0.000012	18.728	17.414	16.632	16.256	15.980	00	-1	-1
227.148894	+05.156360	22812	6	SDSS	133	6	2.06	227.148890	5.156361	0.076093	0.000020	18.292	16.623	15.737	15.384	14.986	00	-1	-1
228.598561	+05.481278	23921	2	SDSS	89	14	1.39	228.598530	5.481258	0.079795	0.000009	18.081	17.062	16.487	16.139	16.034	00	-1	-1
227.211005	+05.099822	23262	2	SDSS	88	18	1.41	227.211000	5.099827	0.077595	0.000009	19.546	18.219	17.666	17.382	17.276	00	-1	-1
227.577525	+04.933296	23968	6	SDSS	97	8	1.68	227.577530	4.933307	0.079951	0.000023	18.219	17.257	16.503	16.149	15.945	00	-1	-1
227.909313	+04.876528	24200	3	SDSS	70	10	1.40	227.909320	4.876540	0.080724	0.000011	19.991	18.331	17.472	17.101	16.779	00	-1	-1
228.257297	+05.040300	23914	2	SDSS	27	21	1.22	228.257310	5.040310	0.079769	0.000008	18.720	17.672	17.338	17.028	17.138	00	-1	-1
226.872621	+05.978568	24076	3	SDSS	7	*	1.33	226.872610	5.978571	0.080312	0.000010	18.605	17.855	17.505	17.228	17.189	00	-1	-1
228.597963	+05.714648	23283	5	SDSS	150	6	1.89	228.597970	5.714649	0.077667	0.000018	19.800	18.120	17.236	16.828	16.517	00	-1	-1
228.478947	+06.259962	23729	2	SDSS	89	8	1.17	228.478920	6.260030	0.079154	0.000007	17.277	16.311	15.960	15.657	15.592	00	-1	-1
228.026742	+06.614291	23146	7	SDSS	97	7	1.88	228.026750	6.614298	0.077208	0.000025	20.273	18.453	17.664	17.296	16.906	00	-1	-1
227.637849	+04.799701	23206	4	SDSS	234	5	1.94	227.637870	4.799692	0.077408	0.000015	17.713	15.770	15.005	14.436	14.225	00	-1	-1
227.639152	+04.832921	23884	1	SDSS	97	23	1.09	227.639170	4.832914	0.079670	0.000006	19.138	18.259	18.060	17.794	17.817	00	-1	-1
227.729553	+04.835453	23759	9	SDSS	77	9	1.91	227.729560	4.835449	0.079253	0.000033	20.029	18.470	17.655	17.308	16.932	00	-1	-1
227.742482	+04.813418	22993	5	SDSS	190	7	1.97	227.742480	4.813416	0.076699	0.000019	18.661	16.639	15.711	15.253	14.896	00	-1	-1
227.765057	+04.801940	23460	5	SDSS	147	6	1.88	227.765050	4.801942	0.078257	0.000019	19.661	17.846	16.981	16.591	16.239	00	-1	-1
227.772090	+04.835821	24251	5	SDSS	171	6	1.88	227.772080	4.835824	0.080894	0.000017	18.937	17.452	16.569	16.189	15.864	00	-1	-1
227.796936	+04.798317	23493	4	SDSS	234	5	2.03	227.796920	4.798326	0.078368	0.000015	19.032	17.346	16.455	16.048	15.699	00	-1	-1
226.818662	+05.611257	23887	5	SDSS	122	8	1.44	226.818650	5.611267	0.079679	0.000018	19.298	17.567	16.749	16.322	16.046	00	-1	-1
226.993716	+06.291631	23757	2	SDSS	71	15	1.19	226.993720	6.291634	0.079246	0.000007	18.430	17.430	17.068	16.787	16.732	00	-1	-1
227.013699	+06.342623	23827	3	SDSS	77	11	1.52	227.013700	6.342627	0.079480	0.000012	19.877	18.480	17.769	17.399	17.122	00	-1	-1
227.568126	+06.691429	23499	6	SDSS	172	7	1.90	227.568130	6.691443	0.078387	0.000021	18.718	17.283	16.352	15.980	15.662	00	-1	-1
227.667242	+06.748650	23643	7	SDSS	71	9	1.60	227.667240	6.748650	0.078865	0.000024	18.419	17.255	16.588	16.226	16.062	00	-1	-1
227.706497	+06.720779	23273	7	SDSS	255	9	1.88	227.706480	6.720797	0.077631	0.000025	19.126	17.391	16.506	16.104	15.811	00	-1	-1
227.854998	+06.686904	22982	11	SDSS	100	16	1.69	227.854990	6.686918	0.076660	0.000040	20.598	18.616	17.757	17.334	16.940	00	-1	-1
228.157202	+06.601760	23237	5	SDSS	213	7	2.01	228.157210	6.601761	0.077513	0.000020	19.516	17.713	16.823	16.429	16.133	00	-1	-1
228.184153	+06.599968	23048	5	SDSS	83	8	1.56	228.184150	6.599964	0.076880	0.000017	18.177	16.965	16.305	15.969	15.870	00	-1	-1
227.568797	+04.785630	23782	7	SDSS	168	8	1.79	227.568800	4.785630	0.079329	0.000024	19.466	17.886	16.975	16.601	16.298	00	-1	-1
228.730904	+05.546223	24112	5	SDSS	188	6	1.98	228.730890	5.546222	0.080432	0.000018	18.911	16.593	15.784	15.426	15.224	00	-1	-1
228.775651	+05.566457	24151	2	SDSS	119	8	1.43	228.775640	5.566461	0.080560	0.000009	18.994	17.712	17.091	16.703	16.500	00	-1	-1
228.706472	+05.481740	23924	2	SDSS	55	13	1.31	228.706470	5.481739	0.079803	0.000008	18.271	17.336	16.828	16.575	16.451	00	-1	-1
228.740543	+05.504291	24043	2	SDSS	21	362	1.31	228.740520	5.504295	0.080201	0.000010	18.991	17.926	17.575	17.333	17.279	00	-1	-1
228.747512	+05.554903	23484	2	SDSS	120	10	1.27	228.747500	5.554905	0.078335	0.000010	18.226	16.830	16.163	15.790	15.628	00	-1	-1
226.742574	+06.098073	23084	4	SDSS	47	23	1.40	226.742580	6.098073	0.077003	0.000015	18.962	18.132	17.551	17.343	17.275	00	-1	-1
228.277894	+04.888426	23824	8	SDSS	91	8	1.81	228.277910	4.888433	0.079469	0.000028	20.129	18.455	17.625	17.279	16.927	00	-1	-1
227.135989	+06.630062	23229	8	SDSS	110	9	1.86	227.136000	6.630069	0.077486	0.000028	19.864	18.276	17.466	17.103	16.796	00	-1	-1
227.219196	+06.670189	23594	2	SDSS	63	14	1.30	227.219170	6.670196	0.078704	0.000009	19.265	18.049	17.549	17.247	17.139	00	-1	-1
227.719873	+06.757292	23103	8	SDSS	110	9	1.63	227.719860	6.757292	0.077065	0.000028	20.161	18.338	17.567	17.198	16.933	00	-1	-1
228.278742	+06.656524	23498	6	SDSS	63	12	1.49	228.278730	6.656524	0.078382	0.000020	19.183	17.519	17.115	16.769	16.813	00	-1	-1
228.366416	+06.571500	23376	4	SDSS	122	6	1.64	228.366420	6.571493	0.077974	0.000016	18.407	16.993	16.334	15.964	15.848	00	-1	-1
227.803365	+04.691677	23402	5	SDSS	94	25	1.43	227.803370	4.691674	0.078063	0.000018	18.921	17.946	17.417	17.155	16.831	00	-1	-1
228.226827	+04.781651	23831	6	SDSS	165	7	1.85	228.226830	4.781644	0.079493	0.000022	19.111	17.062	16.182	15.785	15.473	00	-1	-1
228.836554	+05.496219	23585	7	SDSS	138	9	2.01	228.836560	5.496219	0.078672	0.000026	20.275	18.573	17.734	17.382	17.036	00	-1	-1
226.852644	+05.105620	23014	3	SDSS	46	9	1.41	226.852650	5.105623	0.076768	0.000012	18.411	17.247	16.818	16.507	16.518	00	-1	-1
228.717869	+05.285981	24054	3	SDSS	105	6	1.59	228.717880	5.285985	0.080237	0.000012	18.579	17.139	16.455	16.109	15.357	00	-1	-1
228.778178	+05.328838	23764	5	SDSS	181	7	1.91	228.778180	5.328842	0.079271	0.000019	18.618	17.078	16.178	15.738	15.424	00	-1	-1
227.173215	+06.717952	23201	7	SDSS	147	8	1.78	227.173220	6.717955	0.077393	0.000025	19.543	18.140	17.200	16.715	16.349	00	-1	-1
227.494759	+06.795092	23990	4	SDSS	84	11	1.49	227.494750	6.795097	0.080022	0.000015	19.528	18.000	17.366	16.956	16.721	00	-1	-1
227.011203	+05.063853	23537	1	SDSS	64	17	1.22	227.011210	5.063864	0.078513	0.000006	19.560	18.678	24.682	24.271	18.217	00	-1	-1
