 230.43180  29.95592 035081 047 19.533 17.778 16.835 16.505 16.085 20.224 1 00.537  46.88643  57.01839 01.795 18.085 0.9650 16.959 0370.3 00.847 01.390 06.861 034140 034067 0994 061 052 a2069 
 230.47050  29.80944 038511 053 20.029 18.101 17.018 16.574 16.193 19.960 0 00.498  46.62337  56.97311 01.439 18.116 1.1080 17.175 0421.7 00.847 01.390 06.861 034140 034067 0994 061 052 a2069 
 230.47550  29.80829 022219 021 19.004 18.028 17.589 17.363 17.203 22.870 0 00.494  46.62192  56.96869 04.330 20.082 0.4640 17.693 0234.6 00.847 01.390 06.861 034140 034067 0994 061 052 a2069 
 230.47930  29.74537 034353 044 20.333 18.479 17.495 17.059 16.681 20.878 1 00.502  46.50742  56.96014 01.742 18.770 1.0080 17.678 0370.3 00.847 01.390 06.861 034140 034067 0994 061 052 a2069 
 230.47940  29.87278 067764 044 20.984 19.725 18.665 18.151 17.836 21.410 0 00.488  46.74035  56.97062 01.320 19.674 1.0830 18.812 0787.0 00.847 01.390 06.861 034140 034067 0994 061 052 a2069 
 230.48000  29.79107 033981 044 19.873 17.961 16.983 16.586 16.261 20.098 1 00.492  46.59104  56.96337 01.558 18.151 1.0030 17.141 0370.3 00.847 01.390 06.861 034140 034067 0994 061 052 a2069 
 230.48170  29.78999 034678 022 21.276 19.478 18.411 18.015 17.632 20.334 1 00.491  46.58929  56.96181 00.924 19.001 1.0920 18.511 0370.3 00.847 01.390 06.861 034140 034067 0994 061 052 a2069 
 230.48250  29.81874 022532 044 20.085 18.336 17.431 17.020 16.729 20.326 0 00.487  46.64195  56.96351 01.399 18.518 0.9300 17.602 0238.1 00.847 01.390 06.861 034140 034067 0994 061 052 a2069 
 230.49030  29.71575 014243 047 17.453 15.698 14.934 14.535 14.243 20.880 0 00.500  46.45479  56.94810 05.742 17.289 0.7880 15.090 0147.6 00.847 01.390 06.861 034140 034067 0994 061 052 a2069 
 230.51280  29.70653 054125 025 21.067 19.074 17.887 17.440 17.087 20.680 0 00.484  46.44102  56.92784 01.373 18.862 1.2110 17.997 0612.2 00.847 01.390 06.861 034140 034067 0994 061 052 a2069 
 230.51410  29.78819 033825 051 21.700 19.750 18.834 18.481 18.158 21.368 1 00.464  46.59031  56.93364 01.201 19.766 0.9410 18.975 0370.3 00.847 01.390 06.861 034140 034067 0994 061 052 a2069 
 230.51760  29.77211 034829 031 21.942 19.652 18.699 18.326 18.046 21.365 1 00.463  46.56142  56.92926 01.241 19.692 0.9780 18.902 0370.3 00.847 01.390 06.861 034140 034067 0994 061 052 a2069 
 230.51900  30.04881 023335 023 18.864 17.958 17.600 17.307 17.161 21.039 0 00.490  47.06717  56.95033 01.848 18.898 0.3790 17.711 0247.0 00.847 01.390 06.861 034140 034067 0994 061 052 a2069 
 230.53320  29.96767 034946 044 19.847 17.917 16.881 16.450 16.076 20.299 1 00.453  46.92064  56.93175 01.835 18.133 1.0600 16.986 0370.3 00.847 01.390 06.861 034140 034067 0994 061 052 a2069 
 230.53770  29.81152 034541 023 20.847 18.619 17.609 17.217 16.858 21.104 1 00.440  46.63605  56.91518 01.795 18.966 1.0340 17.839 0370.3 00.847 01.390 06.861 034140 034067 0994 061 052 a2069 
 230.53980  29.76027 034896 027 20.289 18.659 17.611 17.202 16.866 21.322 1 00.447  46.54278  56.90906 01.980 19.060 1.0730 17.844 0370.3 00.847 01.390 06.861 034140 034067 0994 061 052 a2069 
 230.54180  29.73000 024726 041 19.867 17.894 17.013 16.645 16.323 19.823 0 00.453  46.48781  56.90476 01.360 18.021 0.9050 17.161 0262.6 00.847 01.390 06.861 034140 034067 0994 061 052 a2069 
 230.54310  29.62578 022196 044 18.957 17.696 17.072 16.705 16.494 21.517 0 00.493  46.29787  56.89458 02.917 19.137 0.6470 17.197 0234.4 00.847 01.390 06.861 034140 034067 0994 061 052 a2069 
 230.54380  29.84661 034977 024 20.732 18.845 17.825 17.409 17.031 20.450 1 00.432  46.70091  56.91281 01.294 18.760 1.0440 17.896 0370.3 00.847 01.390 06.861 034140 034067 0994 061 052 a2069 
 230.54660  29.99735 022544 039 21.513 19.772 18.877 18.379 18.193 21.694 0 00.450  46.97653  56.92251 01.386 19.848 0.9180 18.991 0238.2 00.847 01.390 06.861 034140 034067 0994 061 052 a2069 
 230.55360  29.87657 034922 028 20.742 18.991 18.123 17.746 17.495 21.489 1 00.424  46.75688  56.90680 01.690 19.442 0.8930 18.355 0370.3 00.847 01.390 06.861 034140 034067 0994 061 052 a2069 
 230.55850  29.84238 034560 050 18.726 16.756 15.704 15.273 14.925 21.014 1 00.420  46.69511  56.89976 04.250 17.773 1.0760 15.877 0370.3 00.847 01.390 06.861 034140 034067 0994 061 052 a2069 
 230.56220  29.67185 064016 036 20.649 19.383 18.480 18.079 17.756 21.796 0 00.457  46.38455  56.88208 01.742 19.709 0.9260 18.596 0738.2 00.847 01.390 06.861 034140 034067 0994 061 052 a2069 
 230.56370  29.81125 035117 047 20.353 18.443 17.454 17.031 16.673 20.585 1 00.418  46.63900  56.89268 01.610 18.593 1.0130 17.555 0370.3 00.847 01.390 06.861 034140 034067 0994 061 052 a2069 
 230.56640  29.60724 022311 035 19.390 18.266 17.794 17.494 17.267 22.241 0 00.485  46.26735  56.87276 02.957 19.708 0.4950 17.892 0235.6 00.847 01.390 06.861 034140 034067 0994 061 052 a2069 
 230.57900  29.89263 034967 047 19.907 17.900 16.875 16.431 16.091 19.772 1 00.402  46.78947  56.88616 01.412 17.964 1.0490 17.027 0370.3 00.847 01.390 06.861 034140 034067 0994 061 052 a2069 
 230.58050  29.80713 034781 044 20.648 18.577 17.637 17.240 16.947 21.430 1 00.404  46.63371  56.87781 02.125 19.080 0.9650 17.798 0370.3 00.847 01.390 06.861 034140 034067 0994 061 052 a2069 
 230.58800  29.64670 100322 062 22.960 20.125 18.423 17.786 17.391 22.061 0 00.449  46.34230  56.85755 02.033 19.732 1.7240 18.526 1233.5 00.847 01.390 06.861 034140 034067 0994 061 052 a2069 
 230.58920  29.65432 033721 034 20.692 18.966 18.114 17.760 17.472 21.034 1 00.444  46.35635  56.85718 01.439 19.123 0.8750 18.249 0370.3 00.847 01.390 06.861 034140 034067 0994 061 052 a2069 
 230.59100  29.81495 038244 047 20.230 18.183 17.143 16.711 16.401 20.668 0 00.394  46.64937  56.86938 01.914 18.436 1.0650 17.263 0418.6 00.847 01.390 06.861 034140 034067 0994 061 052 a2069 
 230.59490  30.01935 079960 032 20.569 19.163 18.061 17.608 17.285 21.699 0 00.418  47.02269  56.88254 01.967 19.462 1.1260 18.236 0949.6 00.847 01.390 06.861 034140 034067 0994 061 052 a2069 
 230.60640  30.05427 038172 047 20.779 18.730 17.688 17.231 16.822 20.900 0 00.424  47.08782  56.87532 01.729 18.781 1.0650 17.716 0417.7 00.847 01.390 06.861 034140 034067 0994 061 052 a2069 
 230.60960  29.89524 034103 022 21.078 19.344 18.318 17.903 17.583 20.345 1 00.376  46.79819  56.85993 00.964 19.059 1.0510 18.431 0370.3 00.847 01.390 06.861 034140 034067 0994 061 052 a2069 
 230.61850  30.06323 033969 041 20.411 18.643 17.685 17.278 16.949 20.573 1 00.419  47.10565  56.86557 01.412 18.717 0.9810 17.829 0370.3 00.847 01.390 06.861 034140 034067 0994 061 052 a2069 
 230.62040  30.10864 038506 035 21.038 19.507 18.542 18.139 17.762 21.450 0 00.441  47.18871  56.86741 01.439 19.565 0.9870 18.665 0421.7 00.847 01.390 06.861 034140 034067 0994 061 052 a2069 
 230.62970  29.72908 073264 023 19.784 18.816 18.164 17.813 17.563 21.806 0 00.381  46.49811  56.82863 02.033 19.611 0.6770 18.271 0859.6 00.847 01.390 06.861 034140 034067 0994 061 052 a2069 
 230.63370  30.01791 019717 050 19.048 17.124 16.234 15.768 15.313 20.617 0 00.387  47.02488  56.84893 02.838 17.805 0.9130 16.357 0207.0 00.847 01.390 06.861 034140 034067 0994 061 052 a2069 
 230.63560  30.11791 038511 033 20.580 19.134 18.268 17.866 17.506 21.112 0 00.435  47.20744  56.85500 01.386 19.278 0.8880 18.409 0421.7 00.847 01.390 06.861 034140 034067 0994 061 052 a2069 
 230.63630  29.88904 023139 027 20.295 19.073 18.468 18.091 17.968 21.402 0 00.353  46.79034  56.83636 01.465 19.496 0.6290 18.578 0244.9 00.847 01.390 06.861 034140 034067 0994 061 052 a2069 
 230.63860  29.90786 033792 041 20.101 17.997 16.994 16.547 16.176 20.589 1 00.353  46.82493  56.83590 01.954 18.332 1.0280 17.140 0370.3 00.847 01.390 06.861 034140 034067 0994 061 052 a2069 
 230.64040  30.29587 105244 053 21.711 20.343 18.534 17.927 17.605 22.161 0 00.556  47.53264  56.86394 02.085 19.796 1.8290 18.570 1304.3 00.847 01.390 06.861 034140 034067 0994 061 052 a2069 
 230.64050  30.04495 034002 038 20.294 18.506 17.642 17.270 16.941 20.387 1 00.393  47.07501  56.84517 01.320 18.616 0.8880 17.790 0370.3 00.847 01.390 06.861 034140 034067 0994 061 052 a2069 
 230.64780  29.99021 032662 050 18.672 16.739 15.750 15.321 14.976 20.626 1 00.365  46.97615  56.83457 03.577 17.565 1.0130 15.864 0370.3 00.847 01.390 06.861 034140 034067 0994 061 052 a2069 
 230.65180  30.30076 104870 056 22.851 19.963 18.176 17.574 17.219 21.807 0 00.554  47.54284  56.85447 02.046 19.492 1.8070 18.258 1298.9 00.847 01.390 06.861 034140 034067 0994 061 052 a2069 
 230.65260  29.89575 022574 056 18.411 16.446 15.521 15.077 14.728 19.903 0 00.339  46.80468  56.82282 02.785 17.191 0.9500 15.684 0238.6 00.847 01.390 06.861 034140 034067 0994 061 052 a2069 
 230.65510  29.97182 022838 050 18.683 16.789 15.920 15.482 15.166 19.616 0 00.353  46.94356  56.82681 02.072 17.267 0.8930 16.039 0241.5 00.847 01.390 06.861 034140 034067 0994 061 052 a2069 
 230.65940  29.83429 044976 027 20.205 19.103 18.491 18.105 17.917 21.704 0 00.333  46.69366  56.81186 01.676 19.677 0.6380 18.587 0499.3 00.847 01.390 06.861 034140 034067 0994 061 052 a2069 
 230.66070  29.87156 034829 044 20.313 18.342 17.364 16.924 16.581 21.773 1 00.331  46.76169  56.81383 02.719 19.111 1.0030 17.606 0370.3 00.847 01.390 06.861 034140 034067 0994 061 052 a2069 
 230.66180  29.87442 034756 045 20.594 18.972 18.091 17.648 17.378 21.488 1 00.330  46.76704  56.81312 01.795 19.379 0.9060 18.223 0370.3 00.847 01.390 06.861 034140 034067 0994 061 052 a2069 
 230.66270  30.00321 034690 026 21.517 19.535 18.656 18.270 18.016 21.083 1 00.358  47.00170  56.82274 01.148 19.488 0.9030 18.788 0370.3 00.847 01.390 06.861 034140 034067 0994 061 052 a2069 
 230.67140  29.86661 032962 038 20.403 18.464 17.515 17.072 16.739 20.204 1 00.321  46.75407  56.80418 01.280 18.509 0.9740 17.673 0370.3 00.847 01.390 06.861 034140 034067 0994 061 052 a2069 
 230.67190  29.95612 023044 039 21.109 19.127 18.251 17.870 17.464 21.317 0 00.334  46.91710  56.81104 01.557 19.349 0.8990 18.360 0243.8 00.847 01.390 06.861 034140 034067 0994 061 052 a2069 
 230.67250  29.96231 033287 043 21.440 19.832 18.956 18.687 18.389 21.694 1 00.336  46.92845  56.81102 01.294 19.936 0.8990 19.140 0370.3 00.847 01.390 06.861 034140 034067 0994 061 052 a2069 
 230.67700  30.04220 022584 060 19.522 18.337 17.771 17.508 17.274 22.640 0 00.364  47.07450  56.81346 03.524 20.052 0.5900 17.910 0238.7 00.847 01.390 06.861 034140 034067 0994 061 052 a2069 
 230.67760  30.02115 033942 038 19.661 17.914 17.042 16.657 16.357 20.408 1 00.354  47.03624  56.81129 01.755 18.277 0.8950 17.191 0370.3 00.847 01.390 06.861 034140 034067 0994 061 052 a2069 
 230.67810  29.94188 023027 047 18.837 16.920 16.013 15.636 15.306 20.520 0 00.325  46.89196  56.80454 03.009 17.681 0.9300 16.133 0243.6 00.847 01.390 06.861 034140 034067 0994 061 052 a2069 
 230.68040  29.69370 022805 056 19.758 18.351 17.741 17.420 17.274 22.339 0 00.356  46.44071  56.78169 03.207 19.782 0.6350 17.813 0241.1 00.847 01.390 06.861 034140 034067 0994 061 052 a2069 
 230.68260  30.05270 022852 030 20.243 18.608 17.779 17.320 17.016 21.303 0 00.365  47.09431  56.80945 01.914 19.107 0.8530 17.899 0241.7 00.847 01.390 06.861 034140 034067 0994 061 052 a2069 
 230.68270  29.96895 033399 041 20.081 18.496 17.592 17.222 16.890 20.270 1 00.329  46.94183  56.80275 01.280 18.524 0.9280 17.739 0370.3 00.847 01.390 06.861 034140 034067 0994 061 052 a2069 
 230.68540  29.95865 022934 047 19.336 17.599 16.699 16.306 15.992 20.204 0 00.324  46.92342  56.79959 01.901 17.962 0.9240 16.815 0242.6 00.847 01.390 06.861 034140 034067 0994 061 052 a2069 
 230.68560  29.57317 031996 023 20.092 19.025 18.615 18.327 18.182 21.884 0 00.423  46.22235  56.76647 01.690 19.772 0.4330 18.750 0345.4 00.847 01.390 06.861 034140 034067 0994 061 052 a2069 
 230.68640  29.52529 054739 024 19.995 19.132 18.629 18.403 18.278 21.663 0 00.456  46.13547  56.76141 01.518 19.636 0.5270 18.762 0619.9 00.847 01.390 06.861 034140 034067 0994 061 052 a2069 
 230.68700  29.76962 006874 026 15.959 14.848 14.347 14.103 13.874 19.919 0 00.321  46.57968  56.78254 04.910 16.959 0.5290 14.469 0070.0 00.847 01.390 06.861 034140 034067 0994 061 052 a2069 
 230.69180  29.88167 022634 050 19.129 17.156 16.245 15.832 15.497 20.407 0 00.304  46.78415  56.78779 02.811 17.606 0.9350 16.168 0239.2 00.847 01.390 06.861 034140 034067 0994 061 052 a2069 
 230.69980  29.98905 022625 029 19.175 17.867 17.210 16.901 16.680 21.451 0 00.323  46.98058  56.78959 02.561 18.961 0.6800 17.415 0239.1 00.847 01.390 06.861 034140 034067 0994 061 052 a2069 
 230.71090  29.58847 022157 053 19.046 17.719 17.173 16.880 16.698 22.425 0 00.396  46.25377  56.74594 04.211 19.712 0.5700 17.308 0233.9 00.847 01.390 06.861 034140 034067 0994 061 052 a2069 
 230.71260  29.79670 099999 028 20.537 19.890 18.805 18.372 17.938 21.555 0 00.293  46.63237  56.76271 01.399 19.719 1.1120 18.831 1228.9 00.847 01.390 06.861 034140 034067 0994 061 052 a2069 
 230.72900  29.75360 050404 044 18.930 17.398 16.526 16.094 15.840 22.043 0 00.292  46.55626  56.74484 04.540 19.079 0.9000 16.763 0565.8 00.847 01.390 06.861 034140 034067 0994 061 052 a2069 
 230.73230  29.89192 033486 039 19.926 18.695 17.972 17.620 17.374 21.440 1 00.270  46.80807  56.75364 01.901 19.276 0.7460 18.051 0370.3 00.847 01.390 06.861 034140 034067 0994 061 052 a2069 
 230.73340  29.84883 022643 053 18.750 16.836 15.929 15.518 15.176 20.527 0 00.268  46.72990  56.74911 03.366 17.451 0.9320 15.897 0239.3 00.847 01.390 06.861 034140 034067 0994 061 052 a2069 
 230.73410  29.73064 050309 025 21.461 19.628 18.504 18.060 17.741 21.204 0 00.297  46.51525  56.73844 01.307 19.482 1.1510 18.628 0564.7 00.847 01.390 06.861 034140 034067 0994 061 052 a2069 
 230.73530  29.79148 034842 035 20.449 18.804 17.942 17.573 17.251 21.284 1 00.275  46.62594  56.74263 01.703 19.232 0.8900 18.134 0370.3 00.847 01.390 06.861 034140 034067 0994 061 052 a2069 
 230.73600  29.76510 034017 041 20.308 18.232 17.248 16.839 16.538 21.067 1 00.282  46.57811  56.73977 02.112 18.764 1.0120 17.449 0370.3 00.847 01.390 06.861 034140 034067 0994 061 052 a2069 
 230.74070  29.72734 034311 045 20.712 19.136 18.222 17.804 17.487 21.009 1 00.294  46.51016  56.73245 01.346 19.247 0.9410 18.368 0370.3 00.847 01.390 06.861 034140 034067 0994 061 052 a2069 
 230.75410  29.91072 033721 026 21.688 19.737 18.792 18.411 18.095 21.088 1 00.254  46.84508  56.73636 01.096 19.519 0.9670 18.895 0370.3 00.847 01.390 06.861 034140 034067 0994 061 052 a2069 
 230.75620  29.50816 033770 044 20.742 19.664 18.943 18.604 18.328 21.974 1 00.432  46.11459  56.69935 01.492 19.975 0.7440 19.111 0370.3 00.847 01.390 06.861 034140 034067 0994 061 052 a2069 
 230.75790  30.10368 035321 035 20.488 18.577 17.698 17.363 17.050 20.863 1 00.345  47.19630  56.74843 01.637 18.821 0.9010 17.798 0370.3 00.847 01.390 06.861 034140 034067 0994 061 052 a2069 
 230.77490  29.75824 050266 038 19.887 18.765 18.144 17.799 17.669 21.770 0 00.253  46.57095  56.70554 01.967 19.622 0.6480 18.306 0564.1 00.847 01.390 06.861 034140 034067 0994 061 052 a2069 
 230.77600  29.56709 051027 028 20.698 19.543 18.785 18.429 18.153 21.357 0 00.374  46.22434  56.68762 01.241 19.571 0.7820 18.894 0573.6 00.847 01.390 06.861 034140 034067 0994 061 052 a2069 
 230.78100  29.93378 033705 041 20.347 18.496 17.548 17.146 16.831 20.563 1 00.237  46.89045  56.71501 01.531 18.575 0.9700 17.643 0370.3 00.847 01.390 06.861 034140 034067 0994 061 052 a2069 
 230.78120  29.99405 033342 038 20.046 18.391 17.410 17.030 16.703 20.764 1 00.262  46.99994  56.71971 01.729 18.642 1.0040 17.580 0370.3 00.847 01.390 06.861 034140 034067 0994 061 052 a2069 
 230.78440  30.12019 033550 027 20.348 18.937 18.281 17.958 17.728 21.635 1 00.342  47.22952  56.72684 01.795 19.526 0.6780 18.370 0370.3 00.847 01.390 06.861 034140 034067 0994 061 052 a2069 
 230.79060  29.57997 033810 050 18.810 16.755 15.755 15.346 14.984 20.418 1 00.356  46.24980  56.67614 03.168 17.552 1.0230 15.919 0370.3 00.847 01.390 06.861 034140 034067 0994 061 052 a2069 
 230.79120  29.66184 035119 029 20.503 18.923 18.115 17.813 17.562 21.472 1 00.295  46.39832  56.68299 01.690 19.422 0.8320 18.338 0370.3 00.847 01.390 06.861 034140 034067 0994 061 052 a2069 
 230.79420  29.73476 050263 035 19.862 18.346 17.413 17.006 16.703 22.035 0 00.249  46.53099  56.68681 03.023 19.435 0.9590 17.638 0564.1 00.847 01.390 06.861 034140 034067 0994 061 052 a2069 
 230.79910  30.14005 034945 040 21.204 19.140 18.146 17.698 17.299 21.253 1 00.349  47.26738  56.71569 01.557 19.305 1.0150 18.296 0370.3 00.847 01.390 06.861 034140 034067 0994 061 052 a2069 
 230.80030  29.50367 022169 050 19.844 17.969 17.094 16.714 16.348 20.431 0 00.415  46.11295  56.66071 01.756 18.264 0.8990 17.214 0234.1 00.847 01.390 06.861 034140 034067 0994 061 052 a2069 
 230.80690  30.02371 032769 037 21.078 19.278 18.328 18.005 17.686 22.119 1 00.260  47.05704  56.69989 02.151 19.807 0.9720 18.461 0370.3 00.847 01.390 06.861 034140 034067 0994 061 052 a2069 
 230.80710  29.90784 034494 045 20.883 19.674 18.975 18.664 18.385 21.913 1 00.209  46.84674  56.69033 01.465 19.941 0.7200 19.089 0370.3 00.847 01.390 06.861 034140 034067 0994 061 052 a2069 
 230.80820  29.89350 033762 041 19.276 17.602 16.689 16.270 15.931 21.327 1 00.205  46.82086  56.68820 03.221 18.727 0.9350 16.793 0370.3 00.847 01.390 06.861 034140 034067 0994 061 052 a2069 
 230.81040  29.78623 050191 027 20.237 19.375 18.780 18.378 18.282 21.676 0 00.214  46.62655  56.67725 01.439 19.795 0.6200 18.891 0563.2 00.847 01.390 06.861 034140 034067 0994 061 052 a2069 
 230.81200  29.65884 032771 033 20.893 19.202 18.260 17.896 17.556 20.843 1 00.284  46.39581  56.66472 01.254 19.142 0.9660 18.357 0370.3 00.847 01.390 06.861 034140 034067 0994 061 052 a2069 
 230.81700  29.49960 034147 026 20.545 18.937 17.984 17.608 17.274 21.314 1 00.411  46.10804  56.64586 01.716 19.190 0.9770 18.146 0370.3 00.847 01.390 06.861 034140 034067 0994 061 052 a2069 
 230.82070  29.67505 022205 044 20.127 18.445 17.600 17.212 16.919 20.185 0 00.267  46.42641  56.65864 01.228 18.556 0.8700 17.745 0234.5 00.847 01.390 06.861 034140 034067 0994 061 052 a2069 
 230.82150  30.19907 023616 028 20.969 19.334 18.786 18.632 18.597 21.842 0 00.388  47.37727  56.70084 01.557 19.742 0.5690 18.885 0250.2 00.847 01.390 06.861 034140 034067 0994 061 052 a2069 
 230.82280  29.93786 034688 047 19.546 17.609 16.600 16.168 15.781 20.489 1 00.205  46.90325  56.67924 02.217 18.047 1.0300 16.765 0370.3 00.847 01.390 06.861 034140 034067 0994 061 052 a2069 
 230.82560  29.99555 022793 056 20.098 18.209 17.359 16.949 16.636 20.042 0 00.230  47.00828  56.68150 01.307 18.237 0.8730 17.466 0241.0 00.847 01.390 06.861 034140 034067 0994 061 052 a2069 
 230.82870  30.11251 034392 060 23.077 19.190 18.416 18.001 17.655 21.811 1 00.312  47.22095  56.68804 01.848 19.707 0.7960 18.483 0370.3 00.847 01.390 06.861 034140 034067 0994 061 052 a2069 
 230.83720  29.45380 044692 029 19.126 17.941 17.206 16.848 16.608 21.696 0 00.445  46.02814  56.62405 02.918 19.159 0.7590 17.376 0495.9 00.847 01.390 06.861 034140 034067 0994 061 052 a2069 
 230.83790  29.96336 034002 035 19.887 18.368 17.513 17.142 16.861 21.324 1 00.204  46.95145  56.66828 02.138 18.956 0.8770 17.679 0370.3 00.847 01.390 06.861 034140 034067 0994 061 052 a2069 
 230.83910  29.77131 032840 024 20.567 18.792 17.847 17.383 17.098 21.069 1 00.197  46.60341  56.65115 01.729 18.987 0.9690 17.885 0370.3 00.847 01.390 06.861 034140 034067 0994 061 052 a2069 
 230.84340  30.05540 033426 047 20.484 18.415 17.396 16.954 16.589 20.721 1 00.259  47.11911  56.67090 01.729 18.590 1.0420 17.537 0370.3 00.847 01.390 06.861 034140 034067 0994 061 052 a2069 
 230.84780  29.98873 033360 047 19.200 17.391 16.357 15.890 15.481 21.364 1 00.211  46.99873  56.66179 03.630 18.384 1.0560 16.570 0370.3 00.847 01.390 06.861 034140 034067 0994 061 052 a2069 
 230.85040  30.10615 034112 025 20.001 19.634 18.603 18.237 17.900 20.358 1 00.296  47.21205  56.66884 00.858 19.204 1.0530 18.696 0370.3 00.847 01.390 06.861 034140 034067 0994 061 052 a2069 
 230.85130  29.93808 035621 031 21.624 19.578 18.694 18.329 18.061 21.208 1 00.182  46.90733  56.65464 01.214 19.427 0.9050 18.791 0370.3 00.847 01.390 06.861 034140 034067 0994 061 052 a2069 
 230.85270  29.68753 051132 035 22.289 20.050 18.873 18.444 18.105 20.974 0 00.239  46.45351  56.63205 00.990 19.623 1.2020 19.001 0574.9 00.847 01.390 06.861 034140 034067 0994 061 052 a2069 
 230.85840  29.50141 024888 026 20.065 19.221 18.897 18.565 18.531 21.220 0 00.394  46.11744  56.61016 01.109 19.620 0.3490 19.001 0264.4 00.847 01.390 06.861 034140 034067 0994 061 052 a2069 
 230.85930  30.30491 033597 025 20.224 18.663 17.740 17.342 17.032 20.879 1 00.471  47.57385  56.67608 01.610 18.858 0.9440 17.849 0370.3 00.847 01.390 06.861 034140 034067 0994 061 052 a2069 
 230.86140  30.06606 070577 036 20.445 19.312 18.403 18.016 17.673 21.636 0 00.257  47.14068  56.65621 01.676 19.604 0.9320 18.520 0824.0 00.847 01.390 06.861 034140 034067 0994 061 052 a2069 
 230.86160  30.01875 022928 044 19.455 17.761 16.935 16.535 16.223 20.431 0 00.222  47.05491  56.65229 01.874 18.176 0.8490 17.072 0242.5 00.847 01.390 06.861 034140 034067 0994 061 052 a2069 
 230.86530  30.10943 034813 027 21.110 19.329 18.376 17.981 17.647 20.637 1 00.291  47.21982  56.65624 01.082 19.165 0.9760 18.471 0370.3 00.847 01.390 06.861 034140 034067 0994 061 052 a2069 
 230.86560  30.02066 033228 044 19.553 17.812 16.828 16.365 15.993 20.709 1 00.221  47.05888  56.64899 02.191 18.314 1.0070 17.011 0370.3 00.847 01.390 06.861 034140 034067 0994 061 052 a2069 
 230.86970  29.68654 033675 047 19.471 17.483 16.483 16.059 15.709 20.928 1 00.230  46.45410  56.61725 02.785 18.278 1.0240 16.709 0370.3 00.847 01.390 06.861 034140 034067 0994 061 052 a2069 
 230.87100  29.46334 070529 060 20.843 19.824 18.929 18.512 18.382 22.789 0 00.425  46.05046  56.59565 02.165 20.472 0.9190 19.117 0823.3 00.847 01.390 06.861 034140 034067 0994 061 052 a2069 
 230.87470  29.86847 034203 041 19.883 18.488 17.619 17.215 16.984 21.498 1 00.145  46.78424  56.62865 02.204 19.109 0.8910 17.787 0370.3 00.847 01.390 06.861 034140 034067 0994 061 052 a2069 
 230.87470  29.78931 032659 047 20.197 18.438 17.506 17.032 16.677 19.968 1 00.162  46.64086  56.62191 01.175 18.399 0.9550 17.623 0370.3 00.847 01.390 06.861 034140 034067 0994 061 052 a2069 
 230.87520  30.35295 032920 059 19.148 17.759 16.981 16.520 16.259 21.292 1 00.512  47.66285  56.66584 02.732 18.781 0.7990 17.114 0370.3 00.847 01.390 06.861 034140 034067 0994 061 052 a2069 
 230.87660  29.58001 033021 023 20.653 18.889 17.984 17.614 17.266 20.924 1 00.316  46.26230  56.60167 01.479 18.978 0.9290 18.080 0370.3 00.847 01.390 06.861 034140 034067 0994 061 052 a2069 
 230.87910  29.50296 019642 245 19.051 17.973 17.498 17.209 17.031 22.140 0 00.385  46.12331  56.59237 03.182 19.596 0.4990 17.632 0206.2 00.847 01.390 06.861 034140 034067 0994 061 052 a2069 
 230.88410  29.52002 020457 248 18.585 18.077 18.721 18.069 18.691 20.923 0 00.368  46.15490  56.58963 01.043 19.409 -0.6200 18.837 0215.1 00.847 01.390 06.861 034140 034067 0994 061 052 a2069 
 230.88630  29.98784 035828 041 19.757 17.947 16.968 16.565 16.237 20.530 1 00.185  47.00201  56.62848 01.914 18.271 1.0010 17.125 0370.3 00.847 01.390 06.861 034140 034067 0994 061 052 a2069 
 230.89020  30.12090 031970 036 21.170 19.582 18.742 18.397 18.078 21.145 1 00.291  47.24366  56.63566 01.135 19.580 0.8630 18.875 0370.3 00.847 01.390 06.861 034140 034067 0994 061 052 a2069 
 230.89210  29.41879 032884 029 19.608 18.594 18.122 17.829 17.649 21.461 1 00.461  45.97311  56.57312 01.743 19.345 0.4970 18.260 0370.3 00.847 01.390 06.861 034140 034067 0994 061 052 a2069 
 230.89500  30.18604 034043 025 19.701 17.948 16.931 16.503 16.111 20.116 1 00.349  47.36234  56.63651 01.636 18.107 1.0390 17.052 0370.3 00.847 01.390 06.861 034140 034067 0994 061 052 a2069 
 230.89580  29.87812 019537 026 20.249 19.139 18.637 18.293 18.113 21.262 0 00.128  46.80451  56.61123 01.267 19.428 0.5240 18.753 0205.0 00.847 01.390 06.861 034140 034067 0994 061 052 a2069 
 230.89620  29.96428 034813 039 21.497 19.488 18.516 18.098 17.860 21.798 1 00.163  46.96060  56.61802 01.703 19.651 0.9940 18.647 0370.3 00.847 01.390 06.861 034140 034067 0994 061 052 a2069 
 230.89680  29.47690 033852 035 21.053 19.259 18.327 17.932 17.621 20.947 1 00.405  46.07883  56.57458 01.267 19.182 0.9560 18.438 0370.3 00.847 01.390 06.861 034140 034067 0994 061 052 a2069 
 230.89750  30.05342 035519 037 20.779 18.837 17.871 17.508 17.177 21.537 1 00.229  47.12226  56.62407 02.006 19.324 0.9890 18.031 0370.3 00.847 01.390 06.861 034140 034067 0994 061 052 a2069 
 230.90080  29.94590 033779 032 20.835 19.003 18.025 17.609 17.242 21.542 1 00.149  46.92790  56.61254 01.874 19.266 1.0000 18.183 0370.3 00.847 01.390 06.861 034140 034067 0994 061 052 a2069 
 230.90170  29.81968 032651 044 21.137 19.517 18.632 18.145 17.775 21.574 1 00.128  46.69950  56.60118 01.465 19.618 0.9080 18.750 0370.3 00.847 01.390 06.861 034140 034067 0994 061 052 a2069 
 230.90210  29.68538 038616 041 20.160 18.295 17.267 16.873 16.536 19.568 0 00.214  46.45654  56.58911 01.096 18.109 1.0530 17.375 0423.0 00.847 01.390 06.861 034140 034067 0994 061 052 a2069 
 230.90940  30.40903 041149 035 19.889 18.078 17.190 16.816 16.547 20.150 0 00.559  47.76840  56.64037 01.491 18.219 0.9100 17.287 0453.1 00.847 01.390 06.861 034140 034067 0994 061 052 a2069 
 230.90950  29.44204 022229 047 18.581 16.764 15.890 15.496 15.196 19.650 0 00.435  46.01775  56.56026 02.192 17.181 0.8990 15.952 0234.7 00.847 01.390 06.861 034140 034067 0994 061 052 a2069 
 230.91400  30.15567 032754 034 21.383 19.679 18.714 18.347 17.926 20.439 1 00.314  47.30957  56.61782 00.845 19.306 0.9870 18.811 0370.3 00.847 01.390 06.861 034140 034067 0994 061 052 a2069 
 230.91470  29.72331 063603 047 20.593 18.963 17.761 17.230 16.958 21.929 0 00.177  46.52691  56.58157 02.548 19.487 1.2270 17.903 0732.9 00.847 01.390 06.861 034140 034067 0994 061 052 a2069 
 230.91610  29.56373 031972 026 19.768 18.898 18.486 18.158 18.107 21.592 1 00.317  46.23860  56.56596 01.584 19.572 0.4370 18.598 0370.3 00.847 01.390 06.861 034140 034067 0994 061 052 a2069 
 230.92250  29.99911 032473 041 21.048 18.614 17.668 17.218 16.849 21.085 1 00.172  47.02704  56.59814 01.808 18.869 0.9680 17.804 0370.3 00.847 01.390 06.861 034140 034067 0994 061 052 a2069 
 230.92830  30.20127 033755 030 20.796 18.821 17.862 17.507 17.202 20.646 1 00.354  47.39390  56.60896 01.346 18.881 0.9810 18.006 0370.3 00.847 01.390 06.861 034140 034067 0994 061 052 a2069 
 230.92890  29.91390 034973 041 20.065 18.319 17.338 16.921 16.572 20.926 1 00.111  46.87363  56.58562 01.967 18.626 1.0030 17.462 0370.3 00.847 01.390 06.861 034140 034067 0994 061 052 a2069 
 230.92920  29.47396 036548 019 20.417 19.331 18.929 18.676 18.536 22.771 0 00.400  46.07836  56.54622 02.178 20.459 0.4260 19.086 0398.5 00.847 01.390 06.861 034140 034067 0994 061 052 a2069 
 230.93050  29.92686 033507 041 18.813 17.130 16.354 15.983 15.679 20.271 1 00.117  46.89729  56.58532 02.270 17.763 0.7990 16.496 0370.3 00.847 01.390 06.861 034140 034067 0994 061 052 a2069 
 230.93500  29.64030 024032 034 19.403 18.216 17.719 17.437 17.270 22.386 0 00.240  46.37970  56.55659 03.195 19.858 0.5230 17.869 0254.8 00.847 01.390 06.861 034140 034067 0994 061 052 a2069 
 230.93580  29.54837 034694 026 20.692 18.799 17.815 17.437 17.101 20.765 1 00.326  46.21373  56.54748 01.479 18.820 1.0080 17.921 0370.3 00.847 01.390 06.861 034140 034067 0994 061 052 a2069 
 230.93590  30.35308 019729 026 18.573 17.496 16.936 16.636 16.499 20.774 0 00.500  47.66989  56.61360 02.217 18.550 0.5820 17.050 0207.1 00.847 01.390 06.861 034140 034067 0994 061 052 a2069 
 230.93830  29.89976 022238 033 20.263 18.723 17.843 17.398 17.030 21.530 0 00.098  46.84928  56.57632 02.072 19.203 0.9030 17.953 0234.8 00.847 01.390 06.861 034140 034067 0994 061 052 a2069 
 230.93850  30.27939 014763 016 19.190 18.279 17.876 17.703 17.627 22.123 0 00.427  47.53664  56.60601 02.640 19.655 0.4250 18.020 0153.2 00.847 01.390 06.861 034140 034067 0994 061 052 a2069 
 230.93860  29.77800 032380 041 20.243 18.526 17.560 17.097 16.726 20.818 1 00.122  46.62910  56.56568 01.663 18.796 0.9890 17.718 0370.3 00.847 01.390 06.861 034140 034067 0994 061 052 a2069 
 230.94010  29.99786 032458 038 19.720 18.026 17.170 16.777 16.501 20.952 1 00.162  47.02702  56.58285 02.125 18.539 0.8790 17.320 0370.3 00.847 01.390 06.861 034140 034067 0994 061 052 a2069 
 230.94040  29.74314 033252 041 19.943 18.019 17.045 16.630 16.302 19.816 1 00.147  46.56633  56.56108 01.347 18.050 0.9980 17.175 0370.3 00.847 01.390 06.861 034140 034067 0994 061 052 a2069 
 230.94080  29.93537 033981 043 20.889 19.191 18.352 18.005 17.670 21.906 1 00.115  46.91403  56.57713 01.901 19.644 0.8620 18.517 0370.3 00.847 01.390 06.861 034140 034067 0994 061 052 a2069 
 230.94310  29.87341 034203 022 20.829 19.052 18.040 17.609 17.226 20.960 1 00.086  46.80225  56.56996 01.465 18.803 1.0350 18.136 0370.3 00.847 01.390 06.861 034140 034067 0994 061 052 a2069 
 230.94420  29.99926 022712 023 17.905 16.935 16.492 16.176 16.043 21.252 0 00.162  47.03008  56.57942 03.393 18.598 0.4650 16.605 0240.1 00.847 01.390 06.861 034140 034067 0994 061 052 a2069 
 230.94450  29.92292 033762 024 21.047 19.408 18.460 18.118 17.755 21.646 1 00.104  46.89199  56.57290 01.624 19.526 0.9700 18.599 0370.3 00.847 01.390 06.861 034140 034067 0994 061 052 a2069 
 230.94790  30.35589 035421 023 19.715 18.721 18.325 18.133 18.110 22.265 1 00.501  47.67633  56.60348 02.283 19.929 0.4180 18.477 0370.3 00.847 01.390 06.861 034140 034067 0994 061 052 a2069 
 230.95020  29.82232 032224 032 20.566 18.553 17.652 17.081 16.609 21.830 1 00.088  46.71081  56.55948 02.521 19.081 0.9250 17.827 0370.3 00.847 01.390 06.861 034140 034067 0994 061 052 a2069 
 230.95080  29.94917 033732 041 19.981 18.030 17.020 16.599 16.228 21.447 1 00.118  46.94030  56.56963 02.772 18.768 1.0330 17.238 0370.3 00.847 01.390 06.861 034140 034067 0994 061 052 a2069 
 230.95190  29.92725 035327 044 20.142 18.293 17.280 16.876 16.516 21.018 1 00.102  46.90079  56.56687 02.086 18.633 1.0360 17.427 0370.3 00.847 01.390 06.861 034140 034067 0994 061 052 a2069 
 230.95310  29.62498 032572 041 20.254 18.358 17.455 17.094 16.801 19.773 1 00.249  46.35461  56.53954 01.109 18.292 0.9300 17.554 0370.3 00.847 01.390 06.861 034140 034067 0994 061 052 a2069 
 230.95350  29.63262 032449 047 18.326 17.103 16.390 16.024 15.743 21.042 1 00.241  46.36846  56.53989 03.142 18.427 0.7390 16.561 0370.3 00.847 01.390 06.861 034140 034067 0994 061 052 a2069 
 230.95550  29.53088 033352 044 20.222 19.093 18.520 18.189 17.976 22.222 1 00.339  46.18504  56.52878 02.060 19.968 0.5980 18.658 0370.3 00.847 01.390 06.861 034140 034067 0994 061 052 a2069 
 230.95720  29.97664 035237 041 19.426 17.788 16.792 16.371 15.996 20.934 1 00.137  46.99081  56.56636 02.455 18.368 1.0190 16.989 0370.3 00.847 01.390 06.861 034140 034067 0994 061 052 a2069 
 230.95890  30.37834 049198 029 19.706 18.300 17.541 17.143 16.903 22.142 0 00.522  47.71824  56.59561 03.009 19.472 0.7810 17.754 0551.0 00.847 01.390 06.861 034140 034067 0994 061 052 a2069 
 230.95940  29.95970 034255 026 21.365 19.112 18.144 17.700 17.411 21.852 1 00.121  46.96046  56.56307 02.033 19.449 0.9910 18.317 0370.3 00.847 01.390 06.861 034140 034067 0994 061 052 a2069 
 230.96110  29.83146 034014 029 21.753 19.920 18.947 18.580 18.265 22.053 1 00.076  46.72881  56.55084 01.558 20.001 0.9970 19.096 0370.3 00.847 01.390 06.861 034140 034067 0994 061 052 a2069 
 230.96170  29.99245 033690 029 20.813 19.368 18.494 18.095 17.867 21.793 1 00.148  47.01999  56.56376 01.690 19.656 0.8970 18.659 0370.3 00.847 01.390 06.861 034140 034067 0994 061 052 a2069 
 230.96360  29.99590 034566 038 20.148 18.513 17.581 17.141 16.798 21.514 1 00.151  47.02647  56.56240 02.297 19.103 0.9550 17.714 0370.3 00.847 01.390 06.861 034140 034067 0994 061 052 a2069 
 230.96460  30.05845 035177 051 21.384 19.721 18.977 18.633 18.501 22.051 1 00.208  47.13975  56.56657 01.505 20.135 0.7670 19.169 0370.3 00.847 01.390 06.861 034140 034067 0994 061 052 a2069 
 230.96470  29.85901 034266 025 20.777 19.042 18.062 17.712 17.333 21.447 1 00.067  46.77909  56.55008 01.769 19.242 1.0030 18.214 0370.3 00.847 01.390 06.861 034140 034067 0994 061 052 a2069 
 230.96500  29.91545 033219 047 19.803 17.985 17.027 16.625 16.271 20.780 1 00.086  46.88116  56.55457 02.152 18.315 0.9810 17.121 0370.3 00.847 01.390 06.861 034140 034067 0994 061 052 a2069 
 230.96510  29.82212 034473 044 20.219 18.468 17.465 17.068 16.722 20.761 1 00.077  46.71246  56.54658 01.703 18.627 1.0270 17.610 0370.3 00.847 01.390 06.861 034140 034067 0994 061 052 a2069 
 230.96600  30.29243 034985 044 19.519 17.613 16.628 16.219 15.884 20.169 1 00.436  47.56344  56.58329 01.927 17.903 1.0070 16.749 0370.3 00.847 01.390 06.861 034140 034067 0994 061 052 a2069 
 230.96890  29.87132 033647 027 21.559 19.418 18.459 18.117 17.783 21.377 1 00.064  46.80190  56.54749 01.452 19.383 0.9830 18.572 0370.3 00.847 01.390 06.861 034140 034067 0994 061 052 a2069 
 230.97020  29.83547 035051 038 20.153 18.250 17.284 16.927 16.591 20.636 1 00.067  46.73728  56.54332 01.742 18.476 0.9900 17.435 0370.3 00.847 01.390 06.861 034140 034067 0994 061 052 a2069 
 230.97200  29.55111 034230 050 20.373 18.369 17.291 16.821 16.395 20.631 1 00.316  46.22398  56.51638 01.822 18.462 1.1030 17.334 0370.3 00.847 01.390 06.861 034140 034067 0994 061 052 a2069 
 230.97280  30.38296 022586 011 17.611 16.764 16.517 16.237 16.249 20.867 0 00.525  47.72816  56.58398 02.759 18.336 0.2700 16.668 0238.7 00.847 01.390 06.861 034140 034067 0994 061 052 a2069 
 230.97300  30.22304 049215 021 20.439 18.165 16.955 16.482 16.116 20.909 0 00.367  47.43863  56.57209 02.349 18.419 1.2320 17.060 0551.2 00.847 01.390 06.861 034140 034067 0994 061 052 a2069 
 230.97380  29.94101 035771 024 21.204 19.501 18.520 18.114 17.764 21.169 1 00.099  46.92853  56.54909 01.294 19.294 1.0050 18.615 0370.3 00.847 01.390 06.861 034140 034067 0994 061 052 a2069 
 230.97390  29.83872 034107 038 19.319 17.453 16.465 16.021 15.580 21.536 1 00.063  46.74365  56.54040 03.670 18.554 1.0120 16.718 0370.3 00.847 01.390 06.861 034140 034067 0994 061 052 a2069 
 230.97650  29.90784 033696 047 20.178 18.198 17.089 16.655 16.272 20.390 1 00.073  46.86892  56.54400 01.756 18.130 1.1330 17.173 0370.3 00.847 01.390 06.861 034140 034067 0994 061 052 a2069 
 230.97710  30.30640 026732 026 19.030 17.673 17.298 17.015 16.883 21.196 0 00.449  47.59001  56.57475 02.297 18.846 0.3970 17.395 0285.2 00.847 01.390 06.861 034140 034067 0994 061 052 a2069 
 230.97770  29.64475 032329 041 20.001 18.339 17.416 16.948 16.575 20.388 1 00.224  46.39383  56.52004 01.452 18.526 0.9490 17.583 0370.3 00.847 01.390 06.861 034140 034067 0994 061 052 a2069 
 230.97780  29.78339 033819 022 20.697 18.887 17.903 17.494 17.117 20.628 1 00.096  46.64421  56.53226 01.333 18.779 1.0080 18.009 0370.3 00.847 01.390 06.861 034140 034067 0994 061 052 a2069 
 230.97940  29.63134 036106 030 21.052 19.419 18.817 18.482 18.323 22.838 1 00.236  46.36986  56.51735 02.376 20.399 0.6280 18.964 0370.3 00.847 01.390 06.861 034140 034067 0994 061 052 a2069 
 230.98090  29.74478 033606 050 20.191 18.160 17.108 16.662 16.267 20.059 1 00.128  46.57490  56.52620 01.452 18.202 1.0770 17.254 0370.3 00.847 01.390 06.861 034140 034067 0994 061 052 a2069 
 230.98270  29.68880 051408 031 19.984 18.762 17.890 17.472 17.226 20.859 0 00.180  46.47406  56.51968 01.465 18.981 0.8970 18.034 0578.3 00.847 01.390 06.861 034140 034067 0994 061 052 a2069 
 230.98480  29.61950 036598 030 22.029 19.327 18.114 17.547 17.043 20.780 0 00.247  46.34927  56.51160 01.294 19.072 1.2390 18.226 0399.1 00.847 01.390 06.861 034140 034067 0994 061 052 a2069 
 230.98580  30.14839 033657 021 20.551 18.797 17.873 17.510 17.171 20.503 1 00.291  47.30508  56.55535 01.254 18.840 0.9470 18.017 0370.3 00.847 01.390 06.861 034140 034067 0994 061 052 a2069 
 230.98590  30.10725 022887 040 20.259 18.703 18.048 17.724 17.548 22.516 0 00.251  47.23067  56.55206 03.023 19.890 0.6780 18.119 0242.1 00.847 01.390 06.861 034140 034067 0994 061 052 a2069 
 230.98980  29.92101 034840 022 21.085 19.074 18.035 17.646 17.262 20.813 1 00.075  46.89447  56.53361 01.373 18.880 1.0630 18.130 0370.3 00.847 01.390 06.861 034140 034067 0994 061 052 a2069 
 230.99130  29.98181 034977 027 21.556 19.846 18.957 18.543 18.170 21.744 1 00.128  47.00455  56.53734 01.346 19.843 0.9130 19.103 0370.3 00.847 01.390 06.861 034140 034067 0994 061 052 a2069 
 230.99280  29.90578 033171 050 20.317 18.296 17.276 16.853 16.458 20.604 1 00.061  46.86734  56.52975 01.729 18.420 1.0440 17.420 0370.3 00.847 01.390 06.861 034140 034067 0994 061 052 a2069 
 230.99370  29.64538 031807 023 20.412 19.379 18.916 18.611 18.596 21.413 1 00.220  46.39725  56.50625 01.333 19.697 0.4890 18.793 0370.3 00.847 01.390 06.861 034140 034067 0994 061 052 a2069 
 230.99410  29.99342 033297 017 19.573 18.690 18.318 18.039 17.968 21.673 1 00.138  47.02589  56.53587 01.782 19.517 0.3960 18.424 0370.3 00.847 01.390 06.861 034140 034067 0994 061 052 a2069 
 230.99560  29.90645 034216 025 21.421 19.291 18.404 17.998 17.647 21.672 1 00.060  46.86892  56.52739 01.795 19.404 0.9110 18.407 0370.3 00.847 01.390 06.861 034140 034067 0994 061 052 a2069 
 230.99670  29.62116 036592 038 20.120 18.302 17.284 16.876 16.519 20.914 1 00.243  46.35397  56.50145 01.967 18.662 1.0440 17.450 0370.3 00.847 01.390 06.861 034140 034067 0994 061 052 a2069 
 230.99740  29.89687 032994 027 21.405 19.500 18.478 18.144 17.779 21.520 1 00.052  46.85185  56.52503 01.531 19.472 1.0460 18.600 0370.3 00.847 01.390 06.861 034140 034067 0994 061 052 a2069 
 230.99920  29.61963 036310 040 20.601 18.854 17.914 17.492 17.160 20.521 1 00.245  46.35157  56.49914 01.281 18.811 0.9650 17.989 0370.3 00.847 01.390 06.861 034140 034067 0994 061 052 a2069 
 231.00240  29.58739 036399 030 20.747 19.139 18.414 18.071 17.935 22.675 0 00.276  46.29388  56.49341 02.469 20.190 0.7500 18.718 0396.8 00.847 01.390 06.861 034140 034067 0994 061 052 a2069 
 231.00570  29.87025 064167 046 20.561 19.743 18.925 18.498 18.285 22.658 0 00.032  46.80487  56.51561 02.139 20.354 0.8430 19.013 0740.2 00.847 01.390 06.861 034140 034067 0994 061 052 a2069 
 231.00610  29.87914 033518 038 20.838 19.105 18.294 17.908 17.551 22.186 1 00.036  46.82098  56.51601 02.337 19.574 0.8350 18.348 0370.3 00.847 01.390 06.861 034140 034067 0994 061 052 a2069 
 231.00690  29.99225 035846 023 20.709 18.781 17.774 17.345 16.947 21.412 1 00.134  47.02542  56.52473 01.980 19.052 1.0310 17.934 0370.3 00.847 01.390 06.861 034140 034067 0994 061 052 a2069 
 231.00720  29.77859 034128 041 20.391 18.203 17.170 16.767 16.427 21.082 1 00.088  46.63957  56.50642 02.244 18.681 1.0570 17.332 0370.3 00.847 01.390 06.861 034140 034067 0994 061 052 a2069 
 231.00730  29.43820 054424 040 21.353 19.963 18.822 18.348 18.035 21.310 0 00.424  46.02561  56.47511 01.201 19.577 1.1660 18.917 0615.9 00.847 01.390 06.861 034140 034067 0994 061 052 a2069 
 231.00880  29.90977 033005 042 21.400 19.831 18.951 18.527 18.112 21.574 1 00.056  46.87666  56.51626 01.294 19.651 0.9040 19.020 0370.3 00.847 01.390 06.861 034140 034067 0994 061 052 a2069 
 231.00890  29.90611 033900 041 20.497 18.865 17.938 17.556 17.230 22.482 1 00.053  46.87006  56.51587 03.525 19.048 0.9510 17.752 0370.3 00.847 01.390 06.861 034140 034067 0994 061 052 a2069 
 231.01020  29.60378 047279 023 21.453 19.503 18.418 17.978 17.641 20.400 0 00.259  46.32457  56.48817 00.951 19.139 1.1110 18.515 0527.4 00.847 01.390 06.861 034140 034067 0994 061 052 a2069 
 231.01080  29.90645 032563 050 19.376 17.471 16.452 16.036 15.640 20.568 1 00.052  46.87093  56.51426 02.561 17.868 1.0430 16.531 0370.3 00.847 01.390 06.861 034140 034067 0994 061 052 a2069 
 231.01100  29.81287 021411 053 18.433 17.303 16.794 16.527 16.418 21.963 0 00.055  46.70197  56.50611 04.053 19.300 0.5340 16.930 0225.7 00.847 01.390 06.861 034140 034067 0994 061 052 a2069 
 231.01180  30.24459 018626 029 18.012 16.770 16.197 15.795 15.547 19.410 0 00.384  47.48219  56.54028 01.663 17.246 0.5950 16.310 0195.0 00.847 01.390 06.861 034140 034067 0994 061 052 a2069 
 231.01230  29.96061 034491 050 20.499 18.558 17.491 18.460 16.736 20.045 1 00.102  46.96895  56.51747 01.228 17.903 1.0920 17.605 0370.3 00.847 01.390 06.861 034140 034067 0994 061 052 a2069 
 231.01300  30.24667 018728 029 19.310 17.617 16.922 16.514 16.295 21.912 0 00.386  47.48610  56.53941 03.775 18.918 0.7170 17.032 0196.1 00.847 01.390 06.861 034140 034067 0994 061 052 a2069 
 231.01400  29.58343 045247 041 20.157 18.310 17.334 16.871 16.527 21.255 0 00.279  46.28842  56.48300 02.192 18.878 1.0010 17.556 0502.6 00.847 01.390 06.861 034140 034067 0994 061 052 a2069 
 231.01410  29.91950 022796 031 18.337 16.768 15.936 15.541 15.246 21.424 0 00.063  46.89493  56.51250 04.607 18.352 0.8560 16.112 0241.0 00.847 01.390 06.861 034140 034067 0994 061 052 a2069 
 231.01440  29.83787 032218 038 20.003 18.154 17.223 16.846 16.501 20.995 1 00.033  46.74757  56.50533 02.099 18.646 0.9560 17.390 0370.3 00.847 01.390 06.861 034140 034067 0994 061 052 a2069 
 231.01520  29.95353 034182 028 21.784 19.942 18.952 18.537 18.288 21.644 1 00.095  46.95654  56.51438 01.294 19.795 1.0150 19.090 0370.3 00.847 01.390 06.861 034140 034067 0994 061 052 a2069 
 231.01570  29.93571 033531 047 19.431 17.547 16.519 16.109 15.707 20.422 1 00.078  46.92442  56.51247 02.257 17.923 1.0530 16.659 0370.3 00.847 01.390 06.861 034140 034067 0994 061 052 a2069 
 231.01590  30.32076 036979 359 17.642 17.075 16.519 16.107 15.960 20.555 0 00.460  47.62045  56.54240 02.429 17.978 0.5790 16.633 0403.6 00.847 01.390 06.861 034140 034067 0994 061 052 a2069 
 231.02100  29.80308 032991 026 21.043 19.275 18.406 18.049 17.719 20.825 1 00.061  46.68566  56.49662 01.162 19.143 0.8940 18.505 0370.3 00.847 01.390 06.861 034140 034067 0994 061 052 a2069 
 231.02540  29.98696 034404 041 20.276 18.356 17.419 16.989 16.625 20.926 1 00.126  47.01824  56.50833 01.861 18.689 0.9610 17.582 0370.3 00.847 01.390 06.861 034140 034067 0994 061 052 a2069 
 231.02640  29.89897 034834 023 21.041 19.099 18.036 17.617 17.251 20.872 1 00.040  46.85948  56.50015 01.399 18.950 1.0880 18.148 0370.3 00.847 01.390 06.861 034140 034067 0994 061 052 a2069 
 231.02770  29.62830 036373 035 19.189 18.031 17.360 16.938 16.702 20.397 1 00.233  46.37131  56.47526 01.531 18.480 0.6970 17.477 0370.3 00.847 01.390 06.861 034140 034067 0994 061 052 a2069 
 231.02850  29.79926 043755 039 20.476 19.153 18.224 17.822 17.484 21.623 0 00.063  46.67979  56.48981 01.809 19.466 0.9550 18.342 0484.5 00.847 01.390 06.861 034140 034067 0994 061 052 a2069 
 231.02890  29.82646 035468 278 18.906 17.423 16.510 16.090 15.789 20.581 1 00.037  46.72893  56.49181 02.403 18.098 0.9380 16.683 0370.3 00.847 01.390 06.861 034140 034067 0994 061 052 a2069 
 231.02910  29.85783 034552 023 21.128 19.248 18.235 17.804 17.402 20.709 1 00.011  46.78558  56.49433 01.201 18.993 1.0380 18.316 0370.3 00.847 01.390 06.861 034140 034067 0994 061 052 a2069 
 231.03070  29.83354 034392 021 20.295 18.453 17.453 17.023 16.655 20.232 1 00.029  46.74195  56.49087 01.360 18.368 1.0250 17.570 0370.3 00.847 01.390 06.861 034140 034067 0994 061 052 a2069 
 231.03090  29.88898 034035 053 19.308 16.736 15.633 15.138 14.883 21.242 1 00.029  46.84204  56.49542 04.700 17.989 1.1270 15.887 0370.3 00.847 01.390 06.861 034140 034067 0994 061 052 a2069 
 231.03140  29.88795 032446 024 19.275 17.699 16.780 16.524 15.911 22.684 1 00.028  46.84025  56.49490 06.983 18.087 0.9440 16.469 0370.3 00.847 01.390 06.861 034140 034067 0994 061 052 a2069 
 231.03150  29.91144 033985 027 21.105 18.904 17.952 17.529 17.140 21.281 1 00.051  46.88267  56.49680 01.756 19.107 0.9770 18.064 0370.3 00.847 01.390 06.861 034140 034067 0994 061 052 a2069 
 231.03350  29.87521 034041 025 21.539 19.567 18.553 18.125 17.777 20.775 1 00.016  46.81753  56.49201 01.069 19.186 1.0390 18.635 0370.3 00.847 01.390 06.861 034140 034067 0994 061 052 a2069 
 231.03440  29.41665 045172 044 19.691 17.974 16.919 16.460 16.119 20.877 0 00.445  45.99092  56.44954 02.310 18.381 1.0790 17.064 0501.7 00.847 01.390 06.861 034140 034067 0994 061 052 a2069 
 231.03510  29.88208 034164 056 18.661 16.746 15.765 15.302 14.893 20.191 1 00.021  46.83015  56.49121 02.838 17.407 1.0060 15.931 0370.3 00.847 01.390 06.861 034140 034067 0994 061 052 a2069 
 231.03510  29.89595 034605 024 22.658 19.795 18.769 18.384 18.128 21.330 1 00.035  46.85518  56.49238 01.241 19.448 1.0510 18.867 0370.3 00.847 01.390 06.861 034140 034067 0994 061 052 a2069 
 231.03710  29.99722 036773 033 21.006 19.630 18.816 18.393 18.033 21.248 0 00.136  47.03827  56.49907 01.188 19.475 0.8390 18.879 0401.2 00.847 01.390 06.861 034140 034067 0994 061 052 a2069 
 231.03840  29.63045 045232 034 22.023 19.904 18.759 18.245 17.940 21.046 0 00.231  46.37672  56.46620 01.056 19.594 1.1710 18.932 0502.4 00.847 01.390 06.861 034140 034067 0994 061 052 a2069 
 231.04030  29.86328 033803 040 21.062 19.785 18.817 18.475 18.120 22.035 1 00.002  46.79691  56.48512 01.650 19.956 0.9930 18.953 0370.3 00.847 01.390 06.861 034140 034067 0994 061 052 a2069 
 231.04060  29.78288 033923 021 21.170 19.393 18.457 18.030 17.706 20.886 1 00.078  46.65190  56.47792 01.162 19.215 0.9610 18.566 0370.3 00.847 01.390 06.861 034140 034067 0994 061 052 a2069 
 231.04130  29.93632 035906 044 20.368 18.327 17.276 16.863 16.492 20.832 1 00.075  46.92886  56.49041 01.941 18.501 1.0760 17.398 0370.3 00.847 01.390 06.861 034140 034067 0994 061 052 a2069 
 231.04330  29.85100 033202 023 20.946 19.317 18.316 17.899 17.564 20.778 1 00.010  46.77516  56.48148 01.188 19.074 1.0260 18.409 0370.3 00.847 01.390 06.861 034140 034067 0994 061 052 a2069 
 231.04360  29.86364 033687 044 20.291 18.312 17.335 16.923 16.581 20.425 1 00.003  46.79800  56.48230 01.558 18.404 1.0020 17.468 0370.3 00.847 01.390 06.861 034140 034067 0994 061 052 a2069 
 231.04450  29.83206 035487 025 20.712 19.032 18.100 17.707 17.393 20.751 1 00.029  46.74115  56.47881 01.267 18.970 0.9570 18.242 0370.3 00.847 01.390 06.861 034140 034067 0994 061 052 a2069 
 231.04490  29.98604 032456 021 20.534 18.700 17.733 17.399 17.080 20.674 1 00.125  47.01908  56.49142 01.439 18.824 0.9920 17.889 0370.3 00.847 01.390 06.861 034140 034067 0994 061 052 a2069 
 231.04710  29.92296 033840 029 21.689 19.820 18.795 18.399 18.058 21.093 1 00.062  46.90551  56.48429 01.109 19.455 1.0510 18.874 0370.3 00.847 01.390 06.861 034140 034067 0994 061 052 a2069 
 231.04720  29.82753 034787 044 19.370 17.892 16.990 16.570 16.286 21.024 1 00.034  46.73334  56.47609 02.442 18.632 0.9270 17.090 0370.3 00.847 01.390 06.861 034140 034067 0994 061 052 a2069 
 231.04910  29.79541 044953 056 19.414 18.045 17.155 16.705 16.411 20.404 0 00.066  46.67566  56.47166 01.663 18.322 0.9150 17.304 0499.0 00.847 01.390 06.861 034140 034067 0994 061 052 a2069 
 231.05050  29.50363 009293 017 19.946 18.708 18.279 18.030 17.825 21.759 0 00.358  46.14999  56.44392 01.848 19.579 0.4540 18.431 0095.1 00.847 01.390 06.861 034140 034067 0994 061 052 a2069 
 231.05080  30.32869 024289 016 20.089 19.140 18.778 18.490 18.404 21.992 0 00.467  47.63878  56.51293 01.663 19.913 0.3840 18.892 0257.7 00.847 01.390 06.861 034140 034067 0994 061 052 a2069 
 231.05460  29.87475 034965 021 20.650 18.806 17.795 17.397 17.034 20.710 1 00.017  46.81952  56.47374 01.452 18.725 1.0350 17.905 0370.3 00.847 01.390 06.861 034140 034067 0994 061 052 a2069 
 231.05590  29.79770 035055 023 20.662 18.899 17.886 17.432 17.076 20.836 1 00.065  46.68072  56.46598 01.479 18.835 1.0380 17.992 0370.3 00.847 01.390 06.861 034140 034067 0994 061 052 a2069 
 231.05690  29.79602 014279 011 18.249 17.425 17.260 17.127 16.904 22.445 0 00.067  46.67783  56.46497 04.158 19.638 0.1900 17.356 0148.0 00.847 01.390 06.861 034140 034067 0994 061 052 a2069 
 231.05820  29.86917 035480 038 20.433 18.628 17.684 17.305 16.988 20.751 1 00.016  46.80994  56.47015 01.545 18.739 0.9680 17.812 0370.3 00.847 01.390 06.861 034140 034067 0994 061 052 a2069 
 231.05820  30.11527 034501 048 21.193 19.683 18.915 18.558 18.394 22.167 1 00.254  47.25409  56.49034 01.703 20.122 0.7900 19.017 0370.3 00.847 01.390 06.861 034140 034067 0994 061 052 a2069 
 231.05930  29.92370 032287 043 20.471 18.666 17.905 17.579 17.250 21.617 1 00.064  46.90845  56.47381 01.993 19.335 0.7870 18.124 0370.3 00.847 01.390 06.861 034140 034067 0994 061 052 a2069 
 231.06350  29.94113 034392 023 20.579 18.793 17.877 17.537 17.198 20.670 1 00.082  46.94045  56.47164 01.360 18.790 0.9420 18.008 0370.3 00.847 01.390 06.861 034140 034067 0994 061 052 a2069 
 231.06540  29.75296 033130 044 19.650 17.734 16.785 16.385 16.053 20.478 1 00.110  46.60137  56.45384 02.007 18.164 0.9740 16.971 0370.3 00.847 01.390 06.861 034140 034067 0994 061 052 a2069 
 231.06630  30.26206 009506 041 19.779 18.201 17.559 17.247 17.026 20.976 0 00.401  47.52018  56.49465 01.822 18.765 0.6640 17.679 0097.4 00.847 01.390 06.861 034140 034067 0994 061 052 a2069 
 231.06680  29.68985 031822 031 20.934 19.647 18.867 18.364 18.120 20.944 0 00.173  46.48783  56.44701 01.003 19.543 0.8060 18.942 0343.4 00.847 01.390 06.861 034140 034067 0994 061 052 a2069 
 231.07070  29.87797 035876 038 19.668 17.959 17.001 16.614 16.308 20.698 1 00.030  46.82748  56.46010 02.033 18.362 0.9820 17.163 0370.3 00.847 01.390 06.861 034140 034067 0994 061 052 a2069 
 231.07490  29.39722 045138 028 20.637 18.858 17.786 17.324 17.002 20.989 0 00.465  45.96215  56.41253 01.637 18.900 1.0960 17.924 0501.3 00.847 01.390 06.861 034140 034067 0994 061 052 a2069 
 231.07580  30.29239 044813 040 20.349 19.126 18.306 17.893 17.590 21.675 0 00.432  47.57607  56.48873 01.756 19.504 0.8410 18.458 0497.3 00.847 01.390 06.861 034140 034067 0994 061 052 a2069 
 231.07800  29.87271 034598 023 21.295 19.176 18.226 17.787 17.476 20.729 1 00.033  46.81897  56.45335 01.201 18.974 0.9750 18.336 0370.3 00.847 01.390 06.861 034140 034067 0994 061 052 a2069 
 231.07840  30.01021 034852 026 21.395 19.681 18.641 18.238 17.817 20.634 1 00.152  47.06701  56.46448 00.950 19.338 1.0660 18.750 0370.3 00.847 01.390 06.861 034140 034067 0994 061 052 a2069 
 231.07880  29.94411 022805 011 17.758 17.038 16.698 16.337 16.253 19.503 0 00.089  46.94783  56.45868 01.373 17.616 0.3670 16.820 0241.1 00.847 01.390 06.861 034140 034067 0994 061 052 a2069 
 231.08000  30.18532 035920 027 20.022 19.097 18.485 18.119 17.966 21.144 1 00.326  47.38322  56.47701 01.320 19.382 0.6330 18.547 0370.3 00.847 01.390 06.861 034140 034067 0994 061 052 a2069 
 231.08020  29.66928 033718 024 20.682 18.987 18.039 17.606 17.310 20.333 1 00.195  46.45267  56.43355 01.083 18.888 0.9730 18.166 0370.3 00.847 01.390 06.861 034140 034067 0994 061 052 a2069 
 231.08160  30.03351 035196 036 20.457 18.896 17.987 17.584 17.225 21.460 1 00.176  47.10945  56.46362 01.835 19.332 0.9330 18.147 0370.3 00.847 01.390 06.861 034140 034067 0994 061 052 a2069 
 231.08220  29.85198 032354 025 22.733 19.884 18.912 18.563 18.191 21.643 1 00.036  46.78216  56.44795 01.307 19.833 0.9960 19.067 0370.3 00.847 01.390 06.861 034140 034067 0994 061 052 a2069 
 231.08290  30.08213 034592 038 21.592 19.709 18.788 18.421 18.065 22.089 1 00.224  47.19734  56.46641 01.782 19.987 0.9440 18.840 0370.3 00.847 01.390 06.861 034140 034067 0994 061 052 a2069 
 231.08350  29.52369 039444 030 20.666 18.819 17.874 17.326 17.004 21.163 0 00.340  46.19102  56.41723 01.663 19.064 0.9710 18.063 0432.8 00.847 01.390 06.861 034140 034067 0994 061 052 a2069 
 231.08510  29.95556 022817 029 17.182 16.155 15.630 15.301 15.154 20.755 0 00.101  46.96930  56.45420 03.947 17.941 0.5510 15.779 0241.3 00.847 01.390 06.861 034140 034067 0994 061 052 a2069 
 231.08610  29.90595 034684 030 21.932 19.589 18.663 18.273 17.924 20.971 1 00.059  46.87998  56.44917 01.096 19.368 0.9510 18.778 0370.3 00.847 01.390 06.861 034140 034067 0994 061 052 a2069 
 231.08760  29.93785 033421 024 20.995 18.997 18.020 17.579 17.236 21.116 1 00.086  46.93769  56.45056 01.558 19.092 1.0030 18.159 0370.3 00.847 01.390 06.861 034140 034067 0994 061 052 a2069 
 231.08890  29.77855 036349 059 19.283 17.862 17.041 16.604 16.311 20.659 1 00.092  46.65074  56.43578 01.967 18.405 0.8460 17.195 0370.3 00.847 01.390 06.861 034140 034067 0994 061 052 a2069 
 231.08960  29.81417 035034 026 21.251 19.648 18.643 18.199 17.831 20.904 1 00.063  46.71502  56.43828 01.082 19.326 1.0290 18.737 0370.3 00.847 01.390 06.861 034140 034067 0994 061 052 a2069 
 231.09120  29.74424 033285 041 19.792 18.226 17.287 16.866 16.534 20.553 1 00.125  46.58925  56.43076 01.663 18.467 0.9640 17.453 0370.3 00.847 01.390 06.861 034140 034067 0994 061 052 a2069 
 231.09260  29.77832 034731 049 22.303 19.828 18.883 18.454 18.229 22.220 1 00.094  46.65083  56.43256 01.703 20.109 0.9700 19.069 0370.3 00.847 01.390 06.861 034140 034067 0994 061 052 a2069 
 231.09500  30.38273 033525 044 19.046 17.512 16.694 16.286 15.970 20.889 1 00.523  47.74144  56.47882 02.561 18.370 0.8400 16.852 0370.3 00.847 01.390 06.861 034140 034067 0994 061 052 a2069 
 231.09560  29.81863 035321 047 20.185 18.320 17.330 16.899 16.549 20.688 1 00.063  46.72387  56.43349 01.835 18.460 1.0150 17.375 0370.3 00.847 01.390 06.861 034140 034067 0994 061 052 a2069 
 231.09740  29.71782 032371 035 19.375 17.735 16.869 16.486 16.193 20.389 1 00.151  46.54253  56.42304 01.862 18.223 0.8920 17.045 0370.3 00.847 01.390 06.861 034140 034067 0994 061 052 a2069 
 231.09810  30.09224 033547 030 21.478 19.748 18.806 18.448 18.188 21.331 1 00.236  47.21747  56.45411 01.201 19.735 0.9650 18.938 0370.3 00.847 01.390 06.861 034140 034067 0994 061 052 a2069 
 231.09840  29.51592 039644 047 20.117 18.312 17.344 16.896 16.552 20.774 0 00.349  46.17925  56.40358 01.795 18.640 0.9930 17.508 0435.2 00.847 01.390 06.861 034140 034067 0994 061 052 a2069 
 231.09900  29.91425 034074 047 20.334 18.398 17.415 17.015 16.663 20.526 1 00.073  46.89665  56.43873 01.584 18.483 1.0080 17.532 0370.3 00.847 01.390 06.861 034140 034067 0994 061 052 a2069 
 231.09940  29.45824 045295 026 18.995 17.718 16.992 16.573 16.286 21.411 0 00.406  46.07565  56.39721 02.878 18.844 0.7510 17.121 0503.2 00.847 01.390 06.861 034140 034067 0994 061 052 a2069 
 231.10080  30.27745 009350 056 17.096 15.243 14.292 13.809 13.446 20.299 0 00.419  47.55201  56.46609 06.138 16.721 0.9740 14.364 0095.7 00.847 01.390 06.861 034140 034067 0994 061 052 a2069 
 231.10230  29.87164 034498 033 21.652 19.837 18.860 18.447 18.232 21.352 1 00.054  46.82030  56.43226 01.188 19.656 1.0010 18.983 0370.3 00.847 01.390 06.861 034140 034067 0994 061 052 a2069 
 231.10330  29.99779 035037 027 20.785 18.785 17.783 17.415 17.052 19.832 1 00.147  47.04780  56.44198 00.977 18.517 1.0280 17.888 0370.3 00.847 01.390 06.861 034140 034067 0994 061 052 a2069 
 231.10550  29.83038 033896 028 20.999 19.360 18.345 17.923 17.579 21.244 1 00.063  46.74639  56.42595 01.452 19.318 1.0390 18.439 0370.3 00.847 01.390 06.861 034140 034067 0994 061 052 a2069 
 231.10680  29.58715 009509 023 18.183 17.161 16.770 16.565 16.417 22.040 0 00.280  46.30865  56.40299 04.132 19.031 0.4160 16.964 0097.4 00.847 01.390 06.861 034140 034067 0994 061 052 a2069 
 231.11070  29.57497 009482 050 18.663 16.917 16.167 15.788 15.515 20.327 0 00.293  46.28731  56.39848 02.508 17.786 0.7750 16.335 0097.1 00.847 01.390 06.861 034140 034067 0994 061 052 a2069 
 231.11220  30.23077 034011 044 20.029 18.035 17.060 16.647 16.335 20.915 1 00.374  47.46911  56.45275 02.191 18.469 0.9970 17.216 0370.3 00.847 01.390 06.861 034140 034067 0994 061 052 a2069 
 231.11790  29.83249 036493 035 20.116 18.448 17.441 17.049 16.730 20.505 1 00.072  46.75187  56.41541 01.531 18.522 1.0310 17.585 0370.3 00.847 01.390 06.861 034140 034067 0994 061 052 a2069 
 231.12070  29.87490 033309 044 19.592 17.653 16.676 16.261 15.943 20.217 1 00.070  46.82864  56.41664 01.901 17.967 1.0010 16.827 0370.3 00.847 01.390 06.861 034140 034067 0994 061 052 a2069 
 231.12270  30.03589 035409 056 21.233 19.512 18.638 18.265 17.986 22.076 1 00.188  47.11897  56.42835 01.822 19.952 0.8980 18.779 0370.3 00.847 01.390 06.861 034140 034067 0994 061 052 a2069 
 231.12730  29.54465 033729 041 20.137 18.132 17.185 16.782 16.446 20.105 1 00.325  46.23522  56.38126 01.413 18.289 0.9720 17.360 0370.3 00.847 01.390 06.861 034140 034067 0994 061 052 a2069 
 231.13280  30.34716 009143 026 18.745 17.576 17.220 17.034 16.920 22.502 0 00.492  47.68152  56.44371 04.171 19.624 0.3780 17.405 0093.6 00.847 01.390 06.861 034140 034067 0994 061 052 a2069 
 231.13490  29.57640 033156 038 19.247 17.452 16.574 16.199 15.915 20.043 1 00.296  46.29343  56.37766 01.809 17.895 0.9030 16.761 0370.3 00.847 01.390 06.861 034140 034067 0994 061 052 a2069 
 231.13600  29.96408 034756 026 20.902 19.062 18.085 17.736 17.405 21.159 1 00.131  46.99129  56.41096 01.505 19.248 1.0030 18.277 0370.3 00.847 01.390 06.861 034140 034067 0994 061 052 a2069 
 231.13700  29.94911 045320 051 20.731 19.661 18.919 18.558 18.454 22.387 0 00.121  46.96446  56.40885 01.835 20.263 0.7680 19.074 0503.5 00.847 01.390 06.861 034140 034067 0994 061 052 a2069 
 231.13730  29.82273 032914 056 19.781 18.323 17.559 17.199 16.932 21.570 1 00.091  46.73694  56.39780 02.310 19.129 0.7880 17.757 0370.3 00.847 01.390 06.861 034140 034067 0994 061 052 a2069 
 231.14160  29.49079 033996 035 19.203 17.876 17.230 16.866 16.611 21.762 1 00.381  46.14053  56.36376 03.010 19.153 0.6730 17.374 0370.3 00.847 01.390 06.861 034140 034067 0994 061 052 a2069 
 231.14180  30.28526 045276 028 19.767 18.513 17.711 17.267 17.093 22.045 0 00.433  47.57090  56.43137 02.732 19.194 0.8230 17.867 0502.9 00.847 01.390 06.861 034140 034067 0994 061 052 a2069 
 231.14400  30.28967 070319 041 20.255 18.487 17.437 17.072 16.876 20.192 0 00.437  47.57911  56.42981 01.360 18.246 1.0720 17.530 0820.6 00.847 01.390 06.861 034140 034067 0994 061 052 a2069 
 231.14810  29.85931 035456 041 19.850 18.223 17.337 16.888 16.554 21.187 1 00.092  46.80425  56.39163 02.165 18.808 0.9090 17.515 0370.3 00.847 01.390 06.861 034140 034067 0994 061 052 a2069 
 231.14810  29.74467 064093 031 21.033 19.407 18.137 17.695 17.344 21.491 0 00.149  46.59796  56.38159 01.742 19.341 1.2940 18.291 0739.2 00.847 01.390 06.861 034140 034067 0994 061 052 a2069 
 231.14940  29.88544 036154 062 19.489 18.142 17.472 17.122 16.831 21.652 1 00.096  46.85146  56.39275 02.587 19.216 0.6930 17.593 0370.3 00.847 01.390 06.861 034140 034067 0994 061 052 a2069 
 231.14950  29.78247 035620 029 20.396 18.933 18.029 17.669 17.297 21.707 1 00.122  46.66616  56.38373 02.006 19.410 0.9280 18.200 0370.3 00.847 01.390 06.861 034140 034067 0994 061 052 a2069 
 231.15190  29.94539 038491 034 20.631 19.170 18.354 17.877 17.542 21.916 0 00.127  46.95972  56.39567 01.993 19.693 0.8410 18.423 0421.5 00.847 01.390 06.861 034140 034067 0994 061 052 a2069 
 231.15420  30.10229 063800 035 21.387 19.605 18.388 17.863 17.467 21.919 0 00.260  47.24259  56.40653 01.835 19.743 1.2400 18.606 0735.4 00.847 01.390 06.861 034140 034067 0994 061 052 a2069 
 231.15470  29.74650 033579 044 19.769 17.836 16.831 16.382 16.040 20.511 1 00.151  46.60217  56.37605 02.020 18.200 1.0290 16.990 0370.3 00.847 01.390 06.861 034140 034067 0994 061 052 a2069 
 231.15510  29.83914 036775 029 18.781 17.351 16.575 16.082 15.788 21.498 0 00.101  46.76890  56.38384 03.525 18.755 0.8000 16.768 0401.2 00.847 01.390 06.861 034140 034067 0994 061 052 a2069 
 231.15610  30.40454 034970 041 20.382 18.479 17.494 17.076 16.672 20.666 1 00.552  47.78767  56.42782 01.623 18.659 1.0050 17.619 0370.3 00.847 01.390 06.861 034140 034067 0994 061 052 a2069 
 231.15980  29.85231 032298 021 20.382 18.534 17.623 17.210 16.887 20.831 1 00.103  46.79323  56.38092 01.677 18.726 0.9340 17.714 0370.3 00.847 01.390 06.861 034140 034067 0994 061 052 a2069 
 231.15990  30.20361 018871 023 18.888 17.751 17.097 16.661 16.420 20.727 0 00.357  47.42585  56.40957 02.046 18.447 0.6760 17.177 0197.7 00.847 01.390 06.861 034140 034067 0994 061 052 a2069 
 231.16260  29.84660 033174 029 19.002 17.925 17.388 17.035 16.890 21.381 1 00.106  46.78334  56.37801 02.323 19.005 0.5610 17.556 0370.3 00.847 01.390 06.861 034140 034067 0994 061 052 a2069 
 231.16460  29.70836 035030 041 19.722 18.015 17.031 16.638 16.351 20.835 1 00.187  46.53498  56.36407 02.138 18.445 1.0080 17.190 0370.3 00.847 01.390 06.861 034140 034067 0994 061 052 a2069 
 231.16780  29.83023 033046 044 20.154 18.331 17.368 16.984 16.654 21.444 1 00.114  46.75459  56.37209 02.508 18.821 0.9870 17.453 0370.3 00.847 01.390 06.861 034140 034067 0994 061 052 a2069 
 231.16780  29.81433 048035 025 20.513 19.409 18.816 18.456 18.275 21.897 0 00.119  46.72599  56.37071 01.531 19.902 0.6170 18.977 0536.6 00.847 01.390 06.861 034140 034067 0994 061 052 a2069 
 231.17540  30.10797 034589 022 20.842 18.975 18.001 17.600 17.226 20.592 1 00.272  47.25547  56.38870 01.254 18.944 0.9960 18.106 0370.3 00.847 01.390 06.861 034140 034067 0994 061 052 a2069 
 231.17660  30.34161 035025 025 21.096 19.592 18.987 18.514 18.389 21.920 1 00.494  47.67653  56.40560 01.439 19.863 0.6250 19.135 0370.3 00.847 01.390 06.861 034140 034067 0994 061 052 a2069 
 231.17740  29.45048 010189 026 18.494 16.829 16.072 15.656 15.318 19.411 0 00.427  46.07355  56.32886 01.756 17.318 0.7840 16.194 0104.6 00.847 01.390 06.861 034140 034067 0994 061 052 a2069 
 231.17780  29.61194 035225 044 19.919 18.038 17.038 16.610 16.269 20.290 1 00.276  46.36357  56.34383 01.729 18.196 1.0240 17.106 0370.3 00.847 01.390 06.861 034140 034067 0994 061 052 a2069 
 231.17990  29.77160 032407 038 20.004 18.281 17.315 16.952 16.608 21.417 1 00.150  46.65082  56.35649 02.402 18.929 0.9910 17.519 0370.3 00.847 01.390 06.861 034140 034067 0994 061 052 a2069 
 231.18010  29.94861 045184 027 21.310 19.260 18.145 17.722 17.351 20.614 0 00.148  46.96922  56.37159 01.162 19.064 1.1390 18.294 0501.8 00.847 01.390 06.861 034140 034067 0994 061 052 a2069 
 231.18130  29.42255 045082 032 19.143 17.961 17.284 16.903 16.680 20.718 0 00.455  46.02401  56.32276 01.795 18.538 0.7030 17.453 0500.6 00.847 01.390 06.861 034140 034067 0994 061 052 a2069 
 231.18200  29.81528 035549 041 19.652 17.713 16.749 16.363 16.048 20.614 1 00.130  46.72965  56.35852 02.191 18.197 0.9880 16.916 0370.3 00.847 01.390 06.861 034140 034067 0994 061 052 a2069 
 231.18280  29.49827 031522 030 19.852 18.714 18.182 17.837 17.645 21.751 0 00.383  46.16016  56.32878 01.901 19.587 0.5580 18.361 0340.0 00.847 01.390 06.861 034140 034067 0994 061 052 a2069 
 231.18440  29.81979 032503 044 20.065 18.406 17.636 17.222 17.010 21.942 1 00.131  46.73808  56.35684 02.719 19.452 0.7940 17.775 0370.3 00.847 01.390 06.861 034140 034067 0994 061 052 a2069 
 231.18460  29.88299 034462 046 20.959 19.323 18.481 18.029 17.663 21.559 1 00.126  46.85177  56.36213 01.545 19.568 0.8660 18.620 0370.3 00.847 01.390 06.861 034140 034067 0994 061 052 a2069 
 231.18460  30.22461 051450 050 20.449 18.446 17.224 16.745 16.403 20.689 0 00.384  47.46666  56.38990 01.874 18.367 1.2430 17.329 0578.8 00.847 01.390 06.861 034140 034067 0994 061 052 a2069 
 231.18640  30.30715 051255 037 21.006 19.874 18.973 18.579 18.256 21.981 0 00.463  47.61557  56.39461 01.505 19.934 0.9220 19.098 0576.4 00.847 01.390 06.861 034140 034067 0994 061 052 a2069 
 231.18650  30.22486 045241 257 19.829 19.189 18.593 18.234 17.951 21.115 0 00.385  47.46734  56.38829 01.267 19.170 0.6170 18.606 0502.5 00.847 01.390 06.861 034140 034067 0994 061 052 a2069 
 231.18840  29.74455 033703 024 21.289 19.395 18.446 18.074 17.755 21.340 1 00.173  46.60338  56.34673 01.426 19.374 0.9730 18.575 0370.3 00.847 01.390 06.861 034140 034067 0994 061 052 a2069 
 231.19370  29.62352 034173 038 19.564 17.795 16.905 16.518 16.199 19.371 1 00.272  46.38669  56.33114 01.162 17.828 0.9130 17.051 0370.3 00.847 01.390 06.861 034140 034067 0994 061 052 a2069 
 231.20010  29.85598 033200 032 21.169 19.227 18.355 18.029 17.748 21.308 1 00.137  46.80529  56.34642 01.452 19.364 0.8950 18.503 0370.3 00.847 01.390 06.861 034140 034067 0994 061 052 a2069 
 231.20040  30.00965 033229 033 19.637 18.389 17.674 17.339 17.068 20.955 1 00.202  47.08168  56.35915 01.677 18.928 0.7380 17.838 0370.3 00.847 01.390 06.861 034140 034067 0994 061 052 a2069 
 231.20070  30.26661 019033 053 18.630 16.715 15.785 15.384 15.069 19.607 0 00.428  47.54422  56.37924 02.178 17.132 0.9510 15.921 0199.5 00.847 01.390 06.861 034140 034067 0994 061 052 a2069 
 231.20080  29.58258 033603 038 19.010 17.107 16.296 15.787 15.510 19.903 1 00.311  46.31421  56.32118 01.927 17.619 0.8340 16.483 0370.3 00.847 01.390 06.861 034140 034067 0994 061 052 a2069 
 231.20140  29.57369 034493 021 19.723 17.815 16.751 16.345 16.224 20.242 1 00.319  46.29833  56.31982 01.941 17.906 1.0870 16.807 0370.3 00.847 01.390 06.861 034140 034067 0994 061 052 a2069 
 231.20250  30.09982 024326 055 20.403 19.262 18.818 18.531 18.738 22.573 0 00.276  47.24418  56.36468 02.099 20.271 0.4660 18.968 0258.1 00.847 01.390 06.861 034140 034067 0994 061 052 a2069 
 231.20580  29.81600 034730 026 21.367 19.328 18.345 17.960 17.611 21.034 1 00.149  46.73420  56.33801 01.307 19.216 1.0070 18.458 0370.3 00.847 01.390 06.861 034140 034067 0994 061 052 a2069 
 231.20950  29.68820 033924 044 19.816 18.046 17.078 16.704 16.380 22.094 1 00.226  46.50512  56.32340 03.604 19.138 0.9920 17.316 0370.3 00.847 01.390 06.861 034140 034067 0994 061 052 a2069 
 231.21300  29.87649 033054 033 20.496 19.091 18.348 17.989 17.675 21.423 1 00.149  46.84390  56.33704 01.584 19.397 0.7660 18.429 0370.3 00.847 01.390 06.861 034140 034067 0994 061 052 a2069 
 231.21690  30.05773 033967 034 20.868 19.256 18.395 17.983 17.698 21.324 1 00.248  47.17028  56.34886 01.439 19.471 0.8840 18.539 0370.3 00.847 01.390 06.861 034140 034067 0994 061 052 a2069 
 231.22520  30.11149 050345 016 20.035 19.318 18.848 18.623 18.470 22.158 0 00.296  47.26802  56.34604 01.703 20.109 0.4920 19.007 0565.1 00.847 01.390 06.861 034140 034067 0994 061 052 a2069 
 231.22670  29.50189 034137 035 19.633 17.867 16.985 16.629 16.315 20.319 1 00.394  46.17326  56.29110 01.716 18.245 0.9070 17.151 0370.3 00.847 01.390 06.861 034140 034067 0994 061 052 a2069 
 231.23260  29.72754 091031 041 24.432 19.863 18.285 17.706 17.327 21.397 0 00.213  46.57904  56.30698 01.597 19.329 1.6030 18.385 1102.1 00.847 01.390 06.861 034140 034067 0994 061 052 a2069 
 231.23680  29.64466 024738 038 20.035 18.181 17.270 16.872 16.555 19.977 0 00.275  46.43088  56.29579 01.307 18.260 0.9350 17.401 0262.7 00.847 01.390 06.861 034140 034067 0994 061 052 a2069 
 231.23920  30.14157 033860 026 20.417 18.819 17.761 17.230 16.834 21.335 1 00.328  47.32386  56.33636 01.901 19.092 1.0790 17.945 0370.3 00.847 01.390 06.861 034140 034067 0994 061 052 a2069 
 231.24100  30.06887 033366 020 20.264 18.361 17.441 17.147 16.640 19.806 1 00.270  47.19337  56.32897 01.109 18.246 0.9430 17.587 0370.3 00.847 01.390 06.861 034140 034067 0994 061 052 a2069 
 231.24250  30.17974 024513 041 18.644 17.199 16.473 16.069 15.802 20.705 0 00.363  47.39291  56.33653 02.653 18.215 0.7470 16.591 0260.2 00.847 01.390 06.861 034140 034067 0994 061 052 a2069 
 231.24360  30.19926 034706 017 19.148 17.989 17.473 17.148 16.972 21.616 1 00.380  47.42815  56.33711 02.614 19.240 0.5360 17.535 0370.3 00.847 01.390 06.861 034140 034067 0994 061 052 a2069 
 231.24770  29.56643 033273 038 19.568 17.652 16.664 16.230 15.911 20.574 1 00.345  46.29214  56.27905 02.231 18.190 1.0120 16.836 0370.3 00.847 01.390 06.861 034140 034067 0994 061 052 a2069 
 231.24810  29.72421 035819 056 22.108 19.981 18.992 18.366 18.101 21.966 1 00.226  46.57525  56.29327 01.452 20.007 1.0140 19.161 0370.3 00.847 01.390 06.861 034140 034067 0994 061 052 a2069 
 231.25160  29.82610 032847 024 19.786 18.990 18.625 18.375 18.286 22.453 1 00.185  46.75863  56.29931 02.297 20.120 0.3890 18.653 0370.3 00.847 01.390 06.861 034140 034067 0994 061 052 a2069 
 231.25220  29.55734 034590 027 20.787 18.870 17.851 17.396 17.004 20.259 1 00.355  46.27651  56.27429 01.149 18.715 1.0430 17.963 0370.3 00.847 01.390 06.861 034140 034067 0994 061 052 a2069 
 231.25300  29.77437 036046 030 20.277 19.235 18.685 18.392 18.271 21.762 1 00.203  46.66596  56.29353 01.558 19.732 0.5740 18.805 0370.3 00.847 01.390 06.861 034140 034067 0994 061 052 a2069 
 231.25850  29.67285 034321 022 20.647 18.912 17.929 17.479 17.103 20.607 1 00.266  46.48458  56.27960 01.307 18.770 1.0080 18.031 0370.3 00.847 01.390 06.861 034140 034067 0994 061 052 a2069 
 231.25900  29.93947 035235 022 19.409 17.598 16.583 16.170 15.821 20.105 1 00.204  46.96319  56.30269 01.861 17.940 1.0390 16.761 0370.3 00.847 01.390 06.861 034140 034067 0994 061 052 a2069 
 231.27230  30.11833 032800 053 18.596 17.312 16.576 16.185 15.916 19.842 1 00.325  47.28621  56.30597 01.677 17.742 0.7570 16.725 0370.3 00.847 01.390 06.861 034140 034067 0994 061 052 a2069 
 231.27380  29.67114 054712 016 19.297 19.020 18.290 17.686 17.949 22.305 0 00.277  46.48371  56.26621 02.297 18.886 0.7540 18.505 0619.6 00.847 01.390 06.861 034140 034067 0994 061 052 a2069 
 231.27390  29.67012 033402 053 18.877 16.645 15.666 15.274 14.879 20.740 1 00.278  46.48189  56.26603 03.801 17.607 1.0040 15.846 0370.3 00.847 01.390 06.861 034140 034067 0994 061 052 a2069 
 231.27920  30.00033 036752 036 20.469 18.767 17.940 17.555 17.294 21.544 0 00.248  47.07514  56.29037 01.967 19.370 0.8510 18.080 0400.9 00.847 01.390 06.861 034140 034067 0994 061 052 a2069 
 231.27960  30.33915 051480 038 20.675 18.552 17.423 16.988 16.585 21.690 0 00.520  47.68400  56.31677 02.495 19.110 1.1480 17.710 0579.2 00.847 01.390 06.861 034140 034067 0994 061 052 a2069 
 231.28490  30.21321 034074 044 20.059 18.289 17.371 16.991 16.666 21.093 1 00.410  47.45824  56.30261 02.059 18.738 0.9380 17.529 0370.3 00.847 01.390 06.861 034140 034067 0994 061 052 a2069 
 231.28540  29.71686 090201 044 21.767 19.812 18.272 17.671 17.347 21.843 0 00.256  46.56734  56.26035 01.940 19.553 1.5650 18.409 1090.5 00.847 01.390 06.861 034140 034067 0994 061 052 a2069 
 231.28740  29.86860 032721 035 20.993 19.101 18.152 17.778 17.432 21.502 1 00.213  46.83978  56.27209 01.835 19.260 0.9720 18.189 0370.3 00.847 01.390 06.861 034140 034067 0994 061 052 a2069 
 231.28870  29.62087 016626 029 19.334 18.125 17.669 17.416 17.120 22.658 0 00.322  46.39575  56.24866 03.710 19.963 0.4800 17.816 0173.3 00.847 01.390 06.861 034140 034067 0994 061 052 a2069 
 231.29040  29.59881 033435 029 20.478 18.810 17.762 17.225 16.843 21.974 1 00.340  46.35647  56.24513 02.509 19.406 1.0730 17.982 0370.3 00.847 01.390 06.861 034140 034067 0994 061 052 a2069 
 231.29230  29.83776 024407 044 20.506 19.236 18.737 18.438 18.377 22.316 0 00.219  46.78512  56.26516 01.954 20.109 0.5220 18.867 0259.0 00.847 01.390 06.861 034140 034067 0994 061 052 a2069 
 231.29750  29.68336 033392 023 20.706 18.780 17.943 17.542 17.134 21.124 1 00.285  46.50902  56.24683 01.624 19.048 0.8620 18.077 0370.3 00.847 01.390 06.861 034140 034067 0994 061 052 a2069 
 231.30020  29.82471 034305 044 19.289 17.391 16.373 15.947 15.587 20.968 1 00.227  46.76280  56.25719 03.062 18.152 1.0420 16.543 0370.3 00.847 01.390 06.861 034140 034067 0994 061 052 a2069 
 231.30140  29.90571 035590 037 20.205 18.733 17.872 17.472 17.112 20.738 1 00.230  46.90825  56.26320 01.412 18.916 0.8840 17.993 0370.3 00.847 01.390 06.861 034140 034067 0994 061 052 a2069 
 231.31040  29.81957 033278 027 20.949 19.047 17.975 17.441 17.026 21.672 1 00.237  46.75499  56.24792 02.020 19.365 1.0950 18.151 0370.3 00.847 01.390 06.861 034140 034067 0994 061 052 a2069 
 231.31540  29.64878 033381 041 19.789 18.103 17.121 16.680 16.293 20.525 1 00.319  46.44964  56.22815 01.782 18.379 1.0060 17.276 0370.3 00.847 01.390 06.861 034140 034067 0994 061 052 a2069 
 231.32040  29.47851 063906 050 21.221 19.074 17.712 17.205 16.854 21.428 0 00.453  46.14554  56.20766 02.165 19.014 1.3890 17.756 0736.8 00.847 01.390 06.861 034140 034067 0994 061 052 a2069 
 231.32490  30.33864 034146 041 18.859 17.552 16.819 16.460 16.201 19.742 1 00.537  47.68834  56.27774 01.426 17.918 0.7530 16.977 0370.3 00.847 01.390 06.861 034140 034067 0994 061 052 a2069 
 231.32500  29.78506 033147 049 20.789 19.416 18.625 18.217 17.922 22.459 1 00.257  46.69516  56.23224 02.244 20.075 0.8150 18.709 0370.3 00.847 01.390 06.861 034140 034067 0994 061 052 a2069 
 231.34640  29.81838 033308 043 20.303 18.755 18.010 17.639 17.403 20.972 1 00.268  46.75782  56.21671 01.478 18.990 0.7690 18.128 0370.3 00.847 01.390 06.861 034140 034067 0994 061 052 a2069 
 231.35690  30.21469 050074 041 20.498 18.562 17.424 16.971 16.626 21.341 0 00.446  47.46965  56.24070 02.244 18.956 1.1570 17.591 0561.8 00.847 01.390 06.861 034140 034067 0994 061 052 a2069 
 231.35960  29.80245 016425 031 20.960 19.331 18.646 18.258 17.940 21.647 0 00.282  46.73112  56.20388 01.518 19.649 0.7100 18.746 0171.1 00.847 01.390 06.861 034140 034067 0994 061 052 a2069 
 231.36080  29.82249 067672 041 19.902 19.161 18.353 17.922 17.737 21.797 0 00.280  46.76717  56.20463 01.822 19.606 0.8330 18.500 0785.8 00.847 01.390 06.861 034140 034067 0994 061 052 a2069 
 231.36490  29.53224 025042 033 20.933 19.536 18.714 18.193 17.990 20.407 0 00.433  46.24837  56.17430 00.832 19.281 0.8480 18.812 0266.1 00.847 01.390 06.861 034140 034067 0994 061 052 a2069 
 231.36850  29.56309 032905 053 19.560 18.184 17.512 17.124 16.831 21.690 1 00.412  46.30408  56.17414 02.601 19.292 0.6970 17.619 0370.3 00.847 01.390 06.861 034140 034067 0994 061 052 a2069 
 231.36900  29.50060 033786 056 19.712 18.371 17.592 17.191 16.948 21.781 1 00.459  46.19242  56.16770 02.627 19.382 0.8060 17.689 0370.3 00.847 01.390 06.861 034140 034067 0994 061 052 a2069 
 231.37210  29.88140 035845 039 21.503 19.408 18.389 17.991 17.727 21.491 1 00.287  46.87421  56.20003 01.518 19.579 1.0420 18.590 0370.3 00.847 01.390 06.861 034140 034067 0994 061 052 a2069 
 231.38090  29.63638 016707 047 19.313 18.047 17.489 17.107 16.848 22.072 0 00.371  46.43697  56.17032 03.089 19.520 0.5840 17.628 0174.1 00.847 01.390 06.861 034140 034067 0994 061 052 a2069 
 231.38140  30.20506 090359 036 20.352 19.693 18.864 18.512 18.349 22.021 0 00.452  47.45537  56.21883 01.611 19.974 0.8480 18.991 1092.7 00.847 01.390 06.861 034140 034067 0994 061 052 a2069 
 231.38160  29.79021 016437 059 19.527 18.248 17.676 17.405 17.244 22.646 0 00.303  46.71227  56.18378 03.577 19.933 0.5970 17.884 0171.2 00.847 01.390 06.861 034140 034067 0994 061 052 a2069 
 231.39120  29.70071 031667 047 20.014 18.040 17.051 16.649 16.304 20.458 0 00.343  46.55351  56.16736 01.782 18.269 1.0150 17.209 0341.6 00.847 01.390 06.861 034140 034067 0994 061 052 a2069 
 231.39470  30.25168 021998 023 19.111 18.015 17.594 17.312 17.237 22.280 0 00.496  47.54056  56.21102 03.195 19.644 0.4410 17.763 0232.2 00.847 01.390 06.861 034140 034067 0994 061 052 a2069 
 231.39820  29.63213 017028 050 19.677 17.954 17.110 16.705 16.416 20.551 0 00.385  46.43190  56.15495 01.795 18.378 0.8690 17.286 0177.6 00.847 01.390 06.861 034140 034067 0994 061 052 a2069 
 231.40010  30.34640 048119 041 20.558 18.701 17.645 17.238 16.938 19.971 0 00.576  47.71103  56.21361 01.109 18.489 1.0770 17.752 0537.7 00.847 01.390 06.861 034140 034067 0994 061 052 a2069 
 231.40090  29.76940 016569 062 18.446 16.518 15.639 15.212 14.854 19.747 0 00.325  46.67774  56.16522 02.442 17.214 0.9050 15.814 0172.7 00.847 01.390 06.861 034140 034067 0994 061 052 a2069 
 231.40470  30.21845 019052 045 20.460 18.659 17.780 17.287 16.984 21.939 0 00.476  47.48222  56.19981 02.587 19.432 0.8990 17.880 0199.7 00.847 01.390 06.861 034140 034067 0994 061 052 a2069 
 231.40580  30.33411 090806 047 21.079 19.242 17.544 16.973 16.621 22.051 0 00.568  47.68966  56.20778 02.851 19.352 1.7190 17.781 1098.9 00.847 01.390 06.861 034140 034067 0994 061 052 a2069 
 231.41330  30.16749 019012 047 18.942 17.141 16.361 16.000 15.759 20.191 0 00.444  47.39197  56.18837 02.152 17.781 0.8000 16.532 0199.3 00.847 01.390 06.861 034140 034067 0994 061 052 a2069 
 231.41390  29.60355 016698 071 16.727 14.764 13.842 13.447 13.151 19.154 0 00.413  46.38312  56.13867 04.211 15.902 0.9470 14.038 0174.0 00.847 01.390 06.861 034140 034067 0994 061 052 a2069 
 231.42020  30.05695 038541 035 20.064 18.315 17.427 17.045 16.758 20.700 0 00.382  47.19489  56.17342 01.690 18.577 0.9100 17.566 0422.1 00.847 01.390 06.861 034140 034067 0994 061 052 a2069 
 231.42240  29.80439 035213 038 19.838 18.058 17.043 16.534 16.115 21.286 1 00.335  46.74332  56.14978 02.508 18.713 1.0400 17.295 0370.3 00.847 01.390 06.861 034140 034067 0994 061 052 a2069 
 231.42360  30.11269 035976 026 20.823 19.007 18.074 17.696 17.412 20.812 0 00.415  47.29512  56.17507 01.333 18.962 0.9540 18.192 0391.8 00.847 01.390 06.861 034140 034067 0994 061 052 a2069 
 231.43360  30.08980 113306 071 22.718 20.399 18.709 18.053 17.669 23.265 0 00.409  47.25541  56.16458 03.142 20.400 1.7110 18.784 1422.1 00.847 01.390 06.861 034140 034067 0994 061 052 a2069 
 231.43440  29.61669 022616 026 18.480 17.285 16.865 16.604 16.494 21.553 0 00.420  46.40961  56.12217 03.207 18.933 0.4460 17.028 0239.0 00.847 01.390 06.861 034140 034067 0994 061 052 a2069 
 231.43690  29.69757 033597 041 18.942 17.207 16.302 15.905 15.589 21.392 1 00.380  46.55445  56.12755 03.854 18.560 0.9310 16.468 0370.3 00.847 01.390 06.861 034140 034067 0994 061 052 a2069 
 231.43820  29.65276 070100 059 21.361 19.978 18.957 18.473 18.175 22.472 0 00.403  46.47459  56.12226 01.874 20.284 1.0480 19.113 0817.7 00.847 01.390 06.861 034140 034067 0994 061 052 a2069 
 231.43860  29.58568 016962 056 18.026 16.085 15.182 14.749 14.393 20.005 0 00.441  46.35486  56.11559 03.379 17.076 0.9290 15.366 0176.9 00.847 01.390 06.861 034140 034067 0994 061 052 a2069 
 231.44470  30.20176 019474 026 18.602 17.354 16.878 16.551 16.404 21.312 0 00.487  47.45722  56.16404 02.917 18.787 0.4960 16.992 0204.3 00.847 01.390 06.861 034140 034067 0994 061 052 a2069 
 231.44570  29.67322 070408 055 21.051 19.642 18.589 18.081 17.870 22.597 0 00.398  46.51223  56.11768 02.297 20.152 1.0790 18.797 0821.7 00.847 01.390 06.861 034140 034067 0994 061 052 a2069 
 231.44580  29.72115 038296 026 20.728 19.379 18.716 18.371 18.119 21.725 0 00.378  46.59785  56.12202 01.492 19.747 0.6900 18.862 0419.2 00.847 01.390 06.861 034140 034067 0994 061 052 a2069 
 231.44800  29.74906 034916 044 18.937 17.594 16.836 16.488 16.214 21.757 1 00.370  46.64803  56.12266 03.577 19.099 0.7840 16.995 0370.3 00.847 01.390 06.861 034140 034067 0994 061 052 a2069 
 231.44910  29.57054 034796 041 19.796 18.332 17.511 17.101 16.797 21.874 1 00.458  46.32939  56.10506 02.732 19.352 0.8470 17.697 0370.3 00.847 01.390 06.861 034140 034067 0994 061 052 a2069 
 231.44960  29.68167 035399 041 19.864 17.954 16.954 16.554 16.262 20.778 1 00.397  46.52788  56.11509 02.138 18.417 1.0270 17.133 0370.3 00.847 01.390 06.861 034140 034067 0994 061 052 a2069 
 231.45710  29.57229 034961 044 19.031 17.052 16.047 15.607 15.257 20.688 1 00.462  46.33371  56.09830 03.062 17.922 1.0310 16.263 0370.3 00.847 01.390 06.861 034140 034067 0994 061 052 a2069 
 231.45730  30.06508 036166 038 19.653 17.902 16.909 16.436 16.105 20.989 0 00.414  47.21422  56.14210 02.389 18.484 1.0150 17.103 0394.0 00.847 01.390 06.861 034140 034067 0994 061 052 a2069 
 231.46240  29.77450 031628 042 20.027 18.985 18.554 18.296 18.157 23.840 0 00.375  46.69550  56.11252 04.118 20.990 0.4560 18.772 0341.2 00.847 01.390 06.861 034140 034067 0994 061 052 a2069 
 231.46620  30.19110 019105 032 19.205 17.826 17.493 17.289 17.167 22.619 0 00.494  47.44079  56.14467 03.828 19.782 0.3530 17.709 0200.3 00.847 01.390 06.861 034140 034067 0994 061 052 a2069 
 231.46920  30.16102 024572 048 21.433 19.669 18.704 18.175 17.797 21.955 0 00.476  47.38735  56.13967 01.650 19.860 0.9850 18.872 0260.9 00.847 01.390 06.861 034140 034067 0994 061 052 a2069 
 231.47510  29.81426 034093 027 20.678 18.760 17.797 17.390 17.031 20.848 1 00.379  46.76830  56.10512 01.584 18.858 0.9870 17.854 0370.3 00.847 01.390 06.861 034140 034067 0994 061 052 a2069 
 231.47550  30.17257 056501 033 19.675 18.621 17.906 17.507 17.380 21.602 0 00.488  47.40880  56.13517 02.086 19.349 0.7350 18.011 0642.1 00.847 01.390 06.861 034140 034067 0994 061 052 a2069 
 231.47700  30.16479 024765 044 18.231 16.624 15.800 15.385 15.076 20.826 0 00.484  47.39507  56.13326 03.736 17.734 0.8440 15.969 0263.0 00.847 01.390 06.861 034140 034067 0994 061 052 a2069 
 231.47730  29.67909 035555 041 19.566 18.043 17.301 16.928 16.652 21.697 1 00.420  46.52728  56.09089 02.851 19.168 0.7690 17.427 0370.3 00.847 01.390 06.861 034140 034067 0994 061 052 a2069 
 231.48230  29.56819 025371 047 20.320 18.625 17.672 17.175 16.823 21.321 0 00.482  46.33015  56.07609 02.257 18.781 0.9790 17.559 0269.9 00.847 01.390 06.861 034140 034067 0994 061 052 a2069 
 231.49350  29.65852 016569 047 19.642 18.031 17.231 16.879 16.611 21.114 0 00.442  46.49293  56.07496 02.244 18.705 0.8270 17.364 0172.7 00.847 01.390 06.861 034140 034067 0994 061 052 a2069 
 231.51850  29.91455 024739 037 19.722 18.562 17.997 17.653 17.406 22.341 0 00.417  46.95332  56.07649 02.693 19.813 0.5910 18.195 0262.8 00.847 01.390 06.861 034140 034067 0994 061 052 a2069 
 231.52460  29.75113 031346 041 19.303 17.419 16.456 16.035 15.671 20.167 0 00.433  46.66259  56.05662 02.085 17.791 0.9880 16.576 0337.9 00.847 01.390 06.861 034140 034067 0994 061 052 a2069 
 231.52580  29.74872 031423 034 20.444 19.053 18.321 17.822 17.574 22.201 0 00.435  46.65846  56.05537 02.191 19.721 0.7570 18.503 0338.8 00.847 01.390 06.861 034140 034067 0994 061 052 a2069 
 231.52830  30.06364 024667 025 20.569 19.395 18.999 18.707 18.758 22.429 0 00.468  47.22081  56.08074 01.874 20.231 0.4190 19.070 0261.9 00.847 01.390 06.861 034140 034067 0994 061 052 a2069 
 231.53100  29.67514 025266 029 18.863 17.618 16.966 16.562 16.330 20.538 0 00.464  46.52802  56.04407 01.927 18.304 0.6790 17.119 0268.7 00.847 01.390 06.861 034140 034067 0994 061 052 a2069 
 231.54920  29.65130 034967 059 18.267 16.294 15.283 14.868 14.522 20.436 1 00.488  46.48819  56.02609 03.894 17.323 1.0380 15.489 0370.3 00.847 01.390 06.861 034140 034067 0994 061 052 a2069 
 231.55550  29.79654 033628 034 22.055 19.992 18.942 18.560 18.236 21.340 1 00.450  46.74792  56.03404 01.135 19.779 1.0740 19.070 0370.3 00.847 01.390 06.861 034140 034067 0994 061 052 a2069 
 231.57040  29.99612 038442 037 20.422 18.616 17.655 17.220 16.868 21.591 0 00.478  47.10582  56.03873 02.204 19.174 0.9860 17.880 0420.9 00.847 01.390 06.861 034140 034067 0994 061 052 a2069 
 231.57970  29.98278 062779 053 20.760 19.130 18.340 17.895 17.660 22.176 0 00.482  47.08326  56.02956 02.231 19.806 0.8150 18.439 0722.2 00.847 01.390 06.861 034140 034067 0994 061 052 a2069 
 231.58370  30.08180 024627 041 17.881 16.271 15.546 15.166 14.944 21.516 0 00.519  47.26037  56.03448 05.596 18.299 0.7480 15.781 0261.5 00.847 01.390 06.861 034140 034067 0994 061 052 a2069 
 231.58460  29.96233 017113 024 20.745 19.358 18.967 18.727 18.617 22.135 0 00.481  47.04745  56.02357 01.650 20.121 0.4170 19.053 0178.5 00.847 01.390 06.861 034140 034067 0994 061 052 a2069 
 231.60370  29.72100 030947 035 19.678 17.879 16.996 16.601 16.305 20.462 0 00.508  46.62022  55.98546 01.835 18.262 0.9080 17.149 0333.3 00.847 01.390 06.861 034140 034067 0994 061 052 a2069 
 231.60900  29.71849 024600 050 19.727 17.902 16.908 16.399 16.003 21.270 0 00.513  46.61652  55.98064 02.719 18.679 1.0190 17.103 0261.2 00.847 01.390 06.861 034140 034067 0994 061 052 a2069 
 231.64200  30.01158 019390 020 18.750 17.765 17.476 17.224 17.199 20.610 0 00.541  47.14285  55.97827 01.597 18.571 0.3130 17.598 0203.4 00.847 01.390 06.861 034140 034067 0994 061 052 a2069 
