RA	DEC	z	ez	zconf	ra	dec	u	g	r	i	zm	mur	gr	r50	rp	rf
--	---	-	 --	-----	--	---	-	 -	 -	 -	 --	---	--	---	--	--
3740.64987	46.7791481	0.227371	9.9102e-05	16.52	249.376653	46.779153	21.513	19.593	18.226	17.657	17.348	020.868	01.390	01.290	18.320	19.123
3740.831	46.6558	0.255475	0.000112345	15.06	249.388726	46.655795	22.299	20.352	19.004	18.443	18.144	021.463	01.367	01.191	19.088	19.813
3740.87505	46.67492	0.04877	0.00007	SDSS	249.391671	46.674905	18.371	17.281	16.923	16.700	16.665	022.324	00.378	04.076	17.278	19.288
3740.95005	46.75261	0.05773	0.00016	2MASX	249.396664	46.752612	18.530	16.795	15.933	15.475	15.119	020.580	00.884	03.103	16.126	17.769
3741.15245	46.7585183	0.227749	0.000122418	14.67	249.410160	46.758524	20.472	18.430	17.035	16.537	16.186	020.891	01.417	02.270	17.116	18.402
3741.17044	46.8198089	0.350445	0.00015344	 9.73	249.411340	46.819811	22.951	21.009	19.495	19.006	18.744	021.728	01.538	01.131	19.466	20.185
3741.34682	46.8761406	0.228362	8.8895e-05	17.73	249.423100	46.876136	20.813	19.692	18.686	18.226	18.009	021.311	01.030	01.286	18.770	19.531
3741.38501	46.5693703	0.225304	0.000107808	15.89	249.425661	46.569375	21.344	19.770	18.404	17.871	17.509	021.180	01.384	01.345	18.541	19.348
3741.49245	46.73561	0.06987	0.00019	2MASX	249.432829	46.735617	18.092	16.624	15.893	15.481	15.212	020.641	00.752	03.438	15.964	17.939
3741.7185	46.4906197	0.421912	0.000221253	 5.08	249.447917	46.490617	21.663	21.190	19.958	19.481	19.105	022.916	01.251	01.467	20.089	20.974
3741.77469	46.4863206	0.422355	0.00016875	 6.55	249.451644	46.486318	22.269	21.101	19.773	19.126	18.797	022.080	01.347	01.094	19.890	20.585
3741.82575	46.7425994	0.394867	0.000195636	 7.46	249.455046	46.742593	22.892	21.416	19.876	19.202	18.831	022.914	01.562	01.495	20.046	20.998
3741.82707	46.7827417	0.302446	6.27769e-05	12.67	249.455143	46.782737	21.169	20.068	18.877	18.463	18.036	021.338	01.214	01.171	19.000	19.702
3741.92487	46.9390106	0.192649	8.57928e-05	19.26	249.461670	46.939006	22.257	19.903	18.720	18.284	17.948	020.972	01.208	01.087	18.796	19.450
3742.01075	46.8551903	0.362067	0.000133159	11.42	249.467390	46.855195	22.945	21.021	19.267	18.568	18.166	022.394	01.777	01.627	19.342	20.372
3742.0305	46.8157006	0.371539	0.000132925	11.65	249.468700	46.815700	22.163	20.744	19.050	18.401	18.006	021.699	01.717	01.285	19.159	19.952
3742.08499	46.8434181	0.350936	0.000114146	11.48	249.472321	46.843423	21.983	20.323	18.943	18.387	17.959	021.566	01.403	01.260	19.069	19.838
3742.1635	46.8890114	0.477839	0.000162713	 7.60	249.477577	46.889009	26.113	21.336	19.637	18.961	18.550	022.907	01.722	01.713	19.743	20.801
3742.20556	46.5216408	0.227044	0.000121051	12.13	249.480372	46.521644	22.359	20.210	18.867	18.335	17.990	021.202	01.362	01.134	18.934	19.594
3742.3194	46.76911	0.05848	0.00008	SDSS	249.487924	46.769090	18.532	17.475	17.024	16.711	16.526	020.824	00.473	02.211	17.106	18.535
3742.61025	46.4267197	0.259618	0.000143766	10.51	249.507342	46.426719	21.975	20.729	19.586	19.061	18.970	021.596	01.165	00.964	19.681	20.204
3742.61565	46.9855	0.21640	0.00080	SDSS	249.507683	46.985491	19.264	18.704	18.113	17.698	17.658	020.980	00.617	01.445	18.186	18.995
3742.63644	46.4963111	0.301775	0.000172686	 7.98	249.509098	46.496308	21.931	20.133	18.703	18.203	17.946	022.208	01.450	01.858	18.868	20.014
3742.64463	47.0038794	0.191373	7.77206e-05	16.79	249.509640	47.003879	21.151	19.405	18.131	17.649	17.288	021.455	01.301	01.691	18.319	19.362
3742.78935	46.97078	0.18984	0.00052	SDSS	249.519288	46.970785	21.960	21.957	20.363	19.280	18.915	024.724	01.620	02.689	20.581	20.512
3742.8237	46.94542	0.18749	0.00017	SDSS	249.521559	46.945407	20.234	18.684	17.529	17.069	16.752	021.465	01.180	02.236	17.723	19.057
3742.96263	46.4513017	0.302114	0.000127455	10.92	249.530862	46.451298	24.061	21.219	19.636	19.142	18.817	021.611	01.604	00.958	19.709	20.240
3742.98874	46.8089792	0.309113	0.000180158	 6.99	249.532568	46.808983	22.442	20.919	19.728	19.291	18.790	022.817	01.214	01.583	19.825	20.825
3743.02737	47.0223389	0.191106	8.33578e-05	18.86	249.535155	47.022345	21.149	19.274	18.090	17.636	17.357	020.859	01.210	01.343	18.224	19.053
3743.06043	46.78442	0.229603	0.000112078	13.56	249.537356	46.784417	20.245	18.897	17.748	17.227	16.902	021.239	01.171	01.829	17.933	19.064
3743.1738	46.83833	0.05789	0.00015	SDSS	249.544923	46.838321	20.015	18.220	17.411	17.046	16.758	020.223	00.831	01.366	17.551	18.409
3743.18231	46.5853194	0.190215	0.000109676	12.87	249.545500	46.585316	21.959	19.996	18.751	18.262	17.700	021.717	01.264	01.444	18.924	19.632
3743.20719	46.4102706	0.311505	9.01625e-05	13.85	249.547155	46.410277	22.778	20.470	18.863	18.273	17.978	021.494	01.629	01.274	18.973	19.787
3743.23857	46.5025214	0.227508	0.000146568	10.65	249.549254	46.502516	22.963	20.497	19.248	18.764	18.496	021.668	01.269	01.155	19.360	20.036
3743.29218	46.4865111	0.423998	0.000159777	 7.40	249.552825	46.486507	22.582	21.427	19.942	19.382	19.231	022.637	01.505	01.292	20.086	20.837
3743.39388	46.8605994	0.261293	8.05559e-05	15.27	249.559578	46.860597	23.321	20.127	18.729	18.236	17.948	021.288	01.420	01.230	18.843	19.614
3743.445	46.77033	0.06293	0.00016	SDSS	249.563015	46.770318	19.362	17.592	16.754	16.359	16.098	019.719	00.860	01.472	16.884	17.798
3743.49863	47.0145417	0.227788	0.000121217	12.17	249.566564	47.014545	22.482	20.271	18.959	18.467	18.157	021.094	01.338	01.015	19.067	19.626
3743.51106	46.6605989	0.276181	0.000106774	16.14	249.567394	46.660604	22.327	21.009	19.439	18.887	18.615	021.654	01.591	01.053	19.547	20.131
3743.52906	46.8994483	0.391997	9.20972e-05	13.63	249.568610	46.899454	22.054	20.575	19.388	18.930	18.692	021.781	01.211	01.144	19.494	20.150
3743.54325	46.4519194	0.260748	0.00010514	10.33	249.569553	46.451920	23.566	19.939	18.548	17.965	17.494	021.871	01.412	01.733	18.682	19.763
3743.70505	46.5335197	0.310655	0.000108108	11.01	249.580337	46.533528	22.341	20.913	19.715	19.202	18.956	022.559	01.217	01.421	19.801	20.660
3743.84281	46.91259	0.190079	0.000101037	15.73	249.589521	46.912593	21.554	19.773	18.578	18.093	17.792	021.795	01.219	01.608	18.769	19.764
3743.97837	46.9408683	0.223198	0.00011985	10.79	249.598586	46.940870	22.320	21.070	19.992	19.537	19.278	021.794	01.103	00.874	20.091	20.553
3744.01875	46.4893111	0.226906	0.000158443	11.38	249.601237	46.489308	22.345	20.405	18.959	18.387	17.977	021.902	01.466	01.572	18.925	19.890
3744.06081	46.78368	0.299876	0.000131024	12.00	249.604039	46.783684	22.018	21.385	19.902	19.367	18.958	021.740	01.505	00.884	20.013	20.459
3744.07838	46.6091003	0.304349	0.000115914	10.57	249.605220	46.609102	22.571	20.868	19.253	18.692	18.277	022.002	01.635	01.345	19.363	20.181
3744.25782	47.0350419	0.216616	0.000109342	15.19	249.617173	47.035036	22.064	20.296	19.004	18.481	18.131	021.504	01.318	01.227	19.065	19.820
3744.34788	46.4622003	0.226677	0.000143066	 9.02	249.623187	46.462192	21.068	19.541	18.240	17.690	17.327	022.697	01.322	02.730	18.521	20.037
3744.43719	46.7118492	0.136023	0.000103405	14.59	249.629122	46.711855	21.011	18.993	17.888	17.431	17.066	020.436	01.127	01.206	18.034	18.755
3744.62169	46.8824006	0.223023	0.000145501	10.35	249.641466	46.882400	22.625	20.631	19.441	18.908	18.548	021.384	01.213	00.941	19.521	20.055
3744.67962	46.8840408	0.223052	0.000109876	15.40	249.645308	46.884038	22.068	19.941	18.660	18.145	17.885	021.240	01.305	01.234	18.788	19.531
3744.87831	46.4521903	0.168046	0.000120283	12.31	249.658541	46.452190	21.208	19.257	18.127	17.628	17.302	020.920	01.151	01.365	18.249	19.087
3744.8931	46.61303	0.13513	0.00018	2MASX	249.659566	46.613031	18.417	16.500	15.410	14.976	14.654	020.560	01.110	03.903	15.608	17.456
3744.90706	46.5984383	0.226998	0.000179391	 8.97	249.660481	46.598445	23.617	21.351	19.979	19.441	18.995	021.801	01.392	00.905	20.023	20.500
3744.97319	46.7269517	0.392425	0.000131458	11.80	249.664887	46.726948	22.339	20.757	19.229	18.629	18.313	022.272	01.551	01.554	19.320	20.300
3744.9894	46.5535	0.11427	0.00015	SDSS	249.665971	46.553501	20.167	18.288	17.291	16.867	16.514	019.852	01.017	01.237	17.395	18.142
3745.09593	46.7766608	0.188782	0.000143499	10.96	249.673057	46.776661	22.360	21.146	19.892	19.462	19.083	021.244	01.277	00.712	19.987	20.329
3745.09894	46.7532997	0.361939	0.000116114	 9.84	249.673256	46.753298	21.367	20.580	19.528	19.264	19.017	022.418	01.075	01.436	19.637	20.529
3745.14144	46.8168717	0.225152	0.000105173	17.24	249.676073	46.816871	21.271	19.354	17.944	17.401	17.056	020.950	01.434	01.509	18.062	19.014
3745.147	46.85894	0.223865	0.000101304	17.26	249.676459	46.858941	22.105	19.928	18.560	18.078	17.724	021.213	01.392	01.264	18.709	19.497
3745.1919	46.91544	0.05867	0.00010	SDSS	249.679450	46.915440	18.858	17.907	17.270	16.994	16.980	022.760	00.661	04.565	17.468	19.709
3745.30619	46.4185792	0.372271	0.000199772	 6.26	249.687068	46.418580	21.418	21.126	19.835	19.269	19.005	022.725	01.311	01.374	20.040	20.867
3745.4232	46.86214	0.22475	0.00012	SDSS	249.694878	46.862135	20.392	18.683	17.398	16.914	16.595	021.232	01.309	02.134	17.591	18.904
3745.45381	47.0243606	0.261701	0.000137662	 9.32	249.696925	47.024357	22.774	20.342	19.098	18.486	17.928	022.147	01.269	01.477	19.305	20.219
3745.45857	46.4604683	0.371358	0.000124353	12.10	249.697233	46.460467	22.468	21.509	19.956	19.368	18.941	021.917	01.573	00.932	20.075	20.529
3745.48175	46.5401192	0.419772	0.000168383	 5.46	249.698803	46.540112	21.683	20.948	19.782	19.289	18.863	022.931	01.186	01.610	19.902	20.898
3745.55169	46.6776694	0.220793	0.00016845	 9.13	249.703455	46.677668	22.847	20.923	19.595	19.137	18.751	022.824	01.350	01.624	19.776	20.820
3745.56369	46.4441794	0.371624	0.000135227	10.51	249.704262	46.444181	24.739	21.748	19.895	19.342	18.904	022.314	01.873	01.163	19.991	20.671
3745.56844	46.4210092	0.448347	0.000101437	 9.61	249.704567	46.421011	21.826	21.124	19.950	19.460	19.438	022.591	01.193	01.280	20.060	20.816
3745.57613	46.4225006	0.371965	0.000124353	11.37	249.705080	46.422501	23.010	21.147	19.373	18.823	18.346	021.996	01.793	01.250	19.516	20.287
3745.59588	47.1011697	0.22643	0.00012442	13.75	249.706389	47.101173	20.928	19.036	17.664	17.152	16.760	021.738	01.398	02.444	17.802	19.189
3745.60062	47.1287803	0.226811	0.000100503	15.22	249.706722	47.128776	21.687	19.917	18.638	18.096	17.825	021.358	01.304	01.341	18.726	19.559
3745.60318	46.9392014	0.227592	0.000108809	15.07	249.706898	46.939204	22.256	19.686	18.355	17.792	17.415	021.494	01.355	01.601	18.477	19.472
3745.60619	46.4449883	0.373198	0.000139864	10.18	249.707078	46.444983	25.004	20.854	19.096	18.509	18.096	022.387	01.778	01.700	19.240	20.281
3745.62251	46.6544608	0.454527	0.000108142	10.95	249.708161	46.654458	22.165	21.193	19.931	19.370	19.038	022.542	01.284	01.266	20.035	20.811
3745.68087	46.69067	0.228777	8.95287e-05	12.76	249.712086	46.690675	22.553	20.719	19.324	18.870	18.564	021.141	01.418	00.886	19.409	19.905
3745.68775	46.8339881	0.222185	0.00012909	10.35	249.712515	46.833992	22.151	20.277	18.991	18.466	18.069	021.776	01.310	01.339	19.147	19.975
3745.75082	46.8040619	0.192232	0.00010037	15.19	249.716709	46.804058	21.327	19.749	18.574	18.064	17.731	021.212	01.198	01.287	18.669	19.425
3745.77056	46.5460014	0.47357	0.000217217	 6.22	249.718039	46.545992	24.172	21.427	19.858	19.007	18.496	022.778	01.589	01.435	19.999	20.890
3745.80319	46.6408692	0.227907	0.000164948	 7.21	249.720215	46.640868	23.664	21.152	19.908	19.562	19.300	022.123	01.266	01.032	20.060	20.637
3745.97825	46.5111314	0.140188	0.000105106	12.27	249.731894	46.511132	20.950	19.503	18.513	18.128	17.791	021.053	01.011	01.266	18.546	19.306
3745.98556	46.9712906	0.37459	0.000110677	 9.98	249.732366	46.971290	22.208	21.391	19.917	19.416	18.978	022.244	01.499	01.148	19.949	20.674
3745.99755	47.01478	0.37484	0.00017	SDSS	249.733196	47.014783	26.057	21.239	19.301	18.714	18.404	022.582	01.963	01.820	19.287	20.283
3746.07269	46.9349097	0.453208	0.000133259	10.35	249.738173	46.934906	23.912	21.664	19.944	19.174	18.753	022.350	01.744	01.169	20.016	20.744
3746.11001	46.8255194	0.228206	0.000118115	15.01	249.740695	46.825513	21.620	19.769	18.395	17.883	17.543	021.229	01.398	01.401	18.502	19.391
3746.11344	46.3252411	0.416907	0.00022589	 5.27	249.740900	46.325243	22.009	21.099	19.491	18.872	18.419	023.067	01.625	01.789	19.809	20.916
3746.14093	46.6968192	0.223516	0.000121651	12.15	249.742747	46.696825	23.018	20.585	19.268	18.854	18.406	021.534	01.340	01.079	19.374	20.049
3746.25719	47.0141906	0.374824	0.000121217	12.18	249.750483	47.014195	21.942	20.090	18.501	17.877	17.502	022.165	01.614	01.953	18.716	19.889
3746.28425	46.3618011	0.393531	0.000186963	 5.82	249.752297	46.361794	21.958	21.258	19.961	19.459	19.113	022.724	01.315	01.360	20.061	20.895
3746.298	46.9044419	0.225289	9.63668e-05	18.11	249.753171	46.904432	22.408	19.862	18.523	18.040	17.760	021.057	01.364	01.200	18.666	19.398
3746.32887	46.4613189	0.407752	0.000144967	 8.03	249.755241	46.461319	22.277	21.432	19.817	19.316	18.871	022.491	01.635	01.290	19.943	20.710
3746.36838	47.0690689	0.224074	8.53925e-05	15.42	249.757900	47.069068	21.612	19.719	18.277	17.725	17.312	021.777	01.468	01.837	18.461	19.577
3746.40569	46.5826989	0.225566	0.000105039	 9.24	249.760390	46.582695	23.424	21.079	19.857	19.356	19.103	021.974	01.244	00.988	20.005	20.530
3746.4057	47.103	0.22548	0.00016	SDSS	249.760381	47.103000	20.699	18.835	17.479	16.968	16.655	020.968	01.383	01.880	17.602	18.736
3746.47994	46.8546294	0.361987	0.000131458	 8.18	249.765312	46.854627	22.553	21.022	19.898	19.450	19.166	022.739	01.149	01.402	20.010	20.693
3746.4885	46.7455406	0.233639	0.00011955	 9.14	249.765901	46.745542	23.185	20.682	19.435	19.018	18.704	021.816	01.271	01.156	19.506	20.220
3746.5038	46.56131	0.11139	0.00014	2MASX	249.766925	46.561314	20.231	18.301	17.178	16.644	16.209	020.993	01.144	02.120	17.366	18.630
3746.53143	46.8788986	0.228425	0.000179391	 6.88	249.768774	46.878905	22.570	21.194	19.931	19.534	19.118	022.678	01.287	01.334	20.057	20.844
3746.54432	46.7369994	0.232221	0.000140964	10.81	249.769608	46.736999	22.626	21.007	19.754	19.272	19.010	021.268	01.277	00.759	19.872	20.233
3746.56575	46.5680619	0.229932	0.000129957	11.69	249.771030	46.568061	21.805	19.717	18.418	17.936	17.624	022.414	01.321	02.317	18.594	19.932
3746.57994	46.6858711	0.225438	0.000126688	11.78	249.771979	46.685868	21.988	21.171	19.852	19.324	19.034	021.355	01.342	00.769	19.930	20.341
3746.61513	46.6530686	0.22535	0.000149637	 8.67	249.774328	46.653074	22.983	21.168	19.832	19.397	19.108	021.389	01.359	00.789	19.909	20.297
3746.628	46.5537911	0.22744	0.000136261	11.43	249.775185	46.553787	24.009	20.550	19.410	18.949	18.571	022.057	01.162	01.261	19.558	20.263
3746.628	46.3813592	0.228698	0.000109376	13.68	249.775176	46.381353	22.365	20.342	19.130	18.659	18.354	021.362	01.230	01.070	19.220	19.808
3746.65887	47.1111297	0.227957	0.000105173	14.30	249.777256	47.111134	21.736	19.992	18.619	18.089	17.782	021.159	01.399	01.224	18.725	19.474
3746.66106	46.6990508	0.191841	0.000113412	11.56	249.777375	46.699057	20.856	19.296	18.301	17.884	17.528	021.879	01.019	01.977	18.404	19.660
3746.68163	46.7914811	0.191623	0.000152206	 7.50	249.778774	46.791478	23.649	21.195	19.913	19.346	19.221	021.955	01.307	00.932	20.113	20.411
3746.71168	46.9163208	0.227364	0.000121451	12.64	249.780807	46.916317	21.610	20.059	18.411	17.810	17.556	021.297	01.672	01.426	18.531	19.341
3746.71212	47.13282	0.22523	9.15968e-05	19.59	249.780821	47.132829	20.981	19.032	17.878	17.400	17.122	021.252	01.181	01.736	18.059	19.127
3746.71382	46.9275017	0.228669	0.000121684	11.63	249.780927	46.927493	21.845	20.278	19.069	18.628	18.336	021.070	01.233	00.954	19.177	19.714
3746.71725	46.4833908	0.28405	0.000141198	 9.62	249.781137	46.483388	22.871	21.206	19.874	19.316	18.981	021.678	01.353	00.871	19.983	20.418
3746.73874	46.2955397	0.224197	0.000123519	13.41	249.782590	46.295535	22.824	20.972	19.545	19.034	18.646	021.577	01.443	00.994	19.595	20.171
3746.7513	46.73128	0.23251	0.00015	2MASX	249.783405	46.731267	20.772	18.903	17.551	17.067	16.742	020.623	01.377	01.556	17.668	18.650
3746.77394	46.4314308	0.369646	0.000122852	 8.26	249.784956	46.431427	21.488	20.574	19.526	19.142	18.640	022.472	01.068	01.480	19.626	20.533
3746.77394	46.5767289	0.226023	0.000106807	13.86	249.784945	46.576722	21.390	19.826	18.472	17.953	17.623	021.616	01.376	01.574	18.636	19.625
3746.78337	46.91016	0.220521	0.00011061	15.16	249.785557	46.910159	21.474	19.735	18.419	17.871	17.528	022.220	01.340	02.401	18.323	19.606
3746.89962	46.3497886	0.394113	0.000106307	10.80	249.793321	46.349791	21.752	20.700	19.615	19.281	19.109	022.589	01.102	01.485	19.735	20.637
3746.93268	46.69038	0.190669	8.67935e-05	12.99	249.795514	46.690382	22.025	20.279	19.087	18.628	18.444	021.526	01.216	01.155	19.218	19.919
3746.97606	46.6641503	0.222963	0.000145134	10.78	249.798410	46.664147	22.641	20.731	19.369	18.887	18.617	021.539	01.386	01.029	19.482	20.084
3746.9975	46.8394089	0.218894	0.000123019	12.89	249.799838	46.839412	21.287	19.404	18.257	17.755	17.391	021.729	01.173	01.836	18.415	19.566
3747.01293	46.6240692	0.226717	0.000125554	11.89	249.800887	46.624068	22.931	20.880	19.576	19.108	18.787	021.590	01.327	00.950	19.706	20.247
3747.04512	47.05233	0.374715	0.000167216	 8.18	249.803016	47.052334	23.535	21.719	19.963	19.327	19.064	022.181	01.782	01.047	20.086	20.672
3747.09663	46.54776	0.474879	0.000140064	10.51	249.806440	46.547760	22.839	21.350	19.662	18.841	18.452	022.822	01.710	01.593	19.816	20.816
3747.13094	46.7807006	0.224561	0.000135694	10.18	249.808728	46.780700	22.032	20.555	19.445	19.069	18.853	022.187	01.136	01.322	19.586	20.409
3747.14469	46.8102989	0.217197	0.000114379	13.83	249.809654	46.810299	25.094	21.057	19.704	19.194	18.908	021.367	01.379	00.814	19.819	20.244
3747.152	46.3934403	0.310484	0.000112244	14.88	249.810127	46.393445	22.449	20.489	18.804	18.234	17.920	020.911	01.704	01.007	18.901	19.464
3747.15288	46.4029083	0.311213	9.67671e-05	12.21	249.810180	46.402908	22.684	20.881	19.293	18.804	18.436	022.145	01.607	01.414	19.398	20.256
3747.16875	46.87419	0.08258	0.00009	SDSS	249.811235	46.874184	18.048	17.072	16.732	16.488	16.414	020.344	00.366	01.961	16.887	18.113
3747.19232	46.35297	0.226373	9.71674e-05	15.39	249.812837	46.352976	22.027	20.139	18.918	18.334	17.971	021.527	01.239	01.271	19.011	19.783
3747.19275	46.7631303	0.228956	0.000117415	12.28	249.812858	46.763126	23.112	21.055	19.741	19.232	18.958	021.682	01.339	00.924	19.859	20.393
3747.2112	47.10028	0.22802	0.00017	SDSS	249.814071	47.100270	21.321	19.117	17.727	17.196	16.882	020.830	01.416	01.587	17.832	18.817
3747.21894	46.6877289	0.245561	0.000117715	11.95	249.814595	46.687729	21.501	20.508	19.256	18.763	18.423	021.586	01.277	01.133	19.320	19.984
3747.24257	46.5022392	0.283664	8.14231e-05	19.46	249.816159	46.502241	21.639	20.177	19.038	18.524	18.086	021.425	01.161	01.156	19.115	19.778
3747.25456	46.5388794	0.260617	0.000121084	12.98	249.816974	46.538881	22.267	19.785	18.447	17.959	17.589	022.448	01.359	02.236	18.706	20.075
3747.25887	46.7955208	0.192031	0.000113345	12.44	249.817254	46.795522	21.411	19.821	18.641	18.157	17.826	021.459	01.206	01.352	18.809	19.649
3747.31638	46.7908783	0.219195	0.000104306	16.28	249.821071	46.790878	22.454	20.234	18.910	18.461	18.051	021.276	01.350	01.109	19.056	19.741
3747.31982	46.7614289	0.222098	0.000121317	13.82	249.821310	46.761428	23.367	20.569	19.217	18.740	18.430	021.251	01.378	00.984	19.291	19.889
3747.32838	46.6222611	0.226282	0.000176622	 8.32	249.821880	46.622267	23.832	20.938	19.694	19.213	18.978	022.136	01.267	01.169	19.802	20.494
3747.364	46.6442489	0.224892	0.000121051	 8.41	249.824267	46.644255	21.272	19.690	18.284	17.795	17.471	021.789	01.429	01.832	18.479	19.613
3747.37131	46.9827919	0.190945	9.78679e-05	17.02	249.824738	46.982788	21.556	19.424	18.124	17.634	17.257	021.205	01.324	01.574	18.225	19.201
3747.42237	46.9643783	0.248183	0.000100436	16.40	249.828159	46.964374	23.246	20.903	19.474	19.043	18.787	021.327	01.453	00.893	19.578	19.987
3747.48456	46.8647806	0.225538	0.000132358	13.11	249.832300	46.864775	21.469	19.185	17.728	17.199	16.863	021.139	01.483	01.773	17.900	19.000
3747.49275	46.4687997	-9.80346e-05	0.000116714	 9.12	249.832854	46.468794	22.235	19.802	18.438	17.703	17.257	020.131	01.386	00.839	18.517	18.951
3747.51851	46.5387917	0.228697	8.25239e-05	15.08	249.834586	46.538789	22.203	19.861	18.492	17.950	17.594	021.269	01.391	01.349	18.624	19.486
3747.52405	46.3035583	0.271928	0.000111677	14.30	249.834919	46.303563	21.890	20.126	18.767	18.192	17.731	021.740	01.376	01.485	18.886	19.805
3747.57213	46.8718794	0.230236	0.000111044	13.01	249.838156	46.871878	22.601	20.989	19.715	19.228	18.923	021.438	01.300	00.861	19.768	20.233
3747.5953	46.4654197	0.260744	0.000100236	14.89	249.839691	46.465421	21.461	19.749	18.488	17.976	17.637	020.588	01.283	01.005	18.582	19.133
3747.70687	46.7287711	0.189827	0.000105373	14.94	249.847137	46.728763	22.434	20.627	19.412	18.992	18.686	021.293	01.241	00.924	19.470	20.030
3747.7215	46.6160583	0.190414	7.96219e-05	15.21	249.848100	46.616065	21.264	19.613	18.540	18.034	17.757	021.190	01.097	01.319	18.594	19.424
3747.72837	46.70998	0.324056	0.000114213	13.96	249.848570	46.709985	23.016	21.500	19.513	18.820	18.335	022.224	02.012	01.456	19.413	20.043
3747.74463	46.4318389	0.193177	9.31646e-05	15.99	249.849645	46.431842	20.897	19.139	17.909	17.445	17.069	021.634	01.251	02.065	18.064	19.274
3747.74593	46.7277183	0.190138	0.000102404	14.97	249.849712	46.727720	22.178	20.640	19.401	18.965	18.574	020.978	01.265	00.783	19.514	19.905
3747.81555	46.52792	0.18882	0.00015	SDSS	249.854392	46.527910	20.295	18.516	17.325	16.880	16.551	021.776	01.213	02.790	17.553	19.067
3747.87813	46.6638794	0.227094	0.000113946	13.57	249.858532	46.663881	22.091	19.699	18.286	17.812	17.491	021.357	01.437	01.532	18.436	19.410
3747.87944	46.8484992	0.191516	9.09297e-05	18.62	249.858654	46.848496	21.724	19.972	18.840	18.444	18.122	020.771	01.158	00.930	18.934	19.471
3747.92231	46.8603706	0.533017	0.000180625	 6.75	249.861493	46.860372	22.412	21.207	19.856	19.213	18.878	022.892	01.377	01.509	20.004	20.972
3747.95838	46.9454994	0.260551	0.000116714	14.89	249.863896	46.945492	22.749	19.875	18.458	17.985	17.591	021.396	01.442	01.482	18.547	19.472
3747.9594	46.30486	0.13383	0.00018	2MASX	249.863981	46.304847	19.660	18.137	17.284	16.850	16.513	020.438	00.870	01.622	17.393	18.402
3747.96006	46.9678994	0.219416	0.000155341	10.02	249.864009	46.967890	21.658	20.115	19.032	18.601	18.259	021.813	01.107	01.361	19.149	19.992
3747.96312	46.7841492	0.191028	0.000126654	10.43	249.864205	46.784150	21.397	20.100	18.947	18.457	18.164	021.976	01.180	01.518	19.075	20.029
3748.04031	47.0660094	0.225902	0.000107341	16.77	249.869341	47.066009	21.655	19.895	18.489	17.989	17.676	021.159	01.433	01.296	18.601	19.406
3748.04163	46.8095511	0.218383	0.00010544	15.94	249.869418	46.809550	21.858	20.167	18.753	18.256	17.937	021.394	01.441	01.327	18.785	19.632
3748.04418	46.57275	0.221812	0.000169151	 9.61	249.869604	46.572750	23.666	21.203	19.908	19.446	19.302	021.645	01.318	00.847	20.011	20.460
3748.085	46.6845397	0.193851	0.000102204	14.82	249.872337	46.684545	21.293	19.540	18.378	17.863	18.120	022.648	01.188	03.136	18.171	19.286
3748.10599	46.6854286	0.191924	0.000131158	12.14	249.873716	46.685429	20.766	19.021	17.699	17.236	16.870	021.173	01.348	01.830	17.866	18.928
3748.11332	46.6698989	0.19327	0.000176656	 7.66	249.874212	46.669896	21.031	19.929	18.909	18.470	18.151	022.148	01.045	01.683	19.023	20.105
3748.1605	46.7355194	0.218499	0.000136228	11.50	249.877338	46.735519	21.506	20.033	18.847	18.279	18.006	021.315	01.212	01.199	18.926	19.684
3748.16824	46.8953094	0.229345	0.000107408	16.19	249.877861	46.895307	21.048	19.152	17.802	17.282	16.961	021.521	01.376	02.082	17.934	19.171
3748.17038	46.8815614	0.288898	0.000112111	13.59	249.878012	46.881561	23.080	20.861	19.478	18.954	18.699	021.612	01.409	01.028	19.557	20.144
3748.17594	46.76326	0.363447	0.000112011	12.29	249.878397	46.763261	24.625	21.524	19.919	19.379	19.050	021.570	01.632	00.826	19.990	20.422
3748.19685	46.79031	0.21630	0.00016	2MASX	249.879801	46.790316	19.736	18.224	17.259	16.804	16.521	021.531	00.992	02.648	17.421	18.950
3748.209	46.68042	0.189661	0.000132925	10.04	249.880597	46.680414	23.030	20.608	19.347	18.890	18.446	022.044	01.286	01.412	19.300	20.197
3748.24185	46.61964	0.11125	0.00016	2MASX	249.882770	46.619652	19.620	17.840	16.835	16.389	16.032	020.632	01.028	02.148	16.977	18.226
3748.26049	46.7053794	0.193497	9.61333e-05	15.44	249.884032	46.705374	22.697	20.454	19.315	18.842	18.542	021.582	01.165	01.100	19.380	20.087
3748.26519	46.7181586	0.234793	0.000107741	13.86	249.884350	46.718163	22.991	20.980	19.598	19.190	18.888	021.389	01.408	00.854	19.737	20.191
3748.27249	46.5339508	0.396409	0.000104339	11.30	249.884836	46.533958	22.930	21.531	19.945	19.347	18.976	022.377	01.608	01.174	20.034	20.767
3748.27682	46.7601203	0.224777	0.000135828	10.79	249.885100	46.760124	23.270	20.854	19.597	19.186	18.836	021.583	01.283	00.964	19.668	20.258
3748.28625	46.3253708	0.188151	0.000128055	10.71	249.885744	46.325375	21.892	20.083	18.971	18.476	18.153	021.683	01.131	01.333	19.064	19.877
3748.29825	46.6938897	0.191377	9.74009e-05	16.41	249.886533	46.693893	21.046	19.250	18.110	17.565	17.247	021.428	01.165	01.692	18.291	19.346
3748.3262	46.6497383	0.221697	0.00012442	13.23	249.888389	46.649741	21.887	19.987	18.675	18.197	17.952	021.508	01.337	01.393	18.793	19.685
3748.36218	46.5961608	0.220875	0.000105373	16.44	249.890836	46.596160	21.538	19.396	18.007	17.513	17.177	021.279	01.412	01.655	18.190	19.224
3748.4038	47.0171508	0.226508	0.000108642	15.80	249.893589	47.017153	21.737	19.337	18.031	17.568	17.240	021.150	01.331	01.571	18.174	19.147
3748.409	47.02705	0.22556	9.5166e-05	19.32	249.893924	47.027054	22.438	20.247	18.909	18.421	18.123	021.171	01.364	01.077	19.015	19.651
3748.43088	46.31633	0.191558	9.52327e-05	16.59	249.895395	46.316329	21.767	19.773	18.469	17.940	17.558	020.577	01.322	01.025	18.528	19.058
3748.43862	46.4556617	0.192124	0.000123586	10.18	249.895910	46.455659	20.841	19.693	18.548	18.103	17.792	021.487	01.167	01.399	18.763	19.628
3748.45488	46.7637786	0.226223	0.000113212	15.55	249.896995	46.763778	22.819	20.114	18.696	18.176	17.839	020.970	01.445	01.093	18.782	19.467
3748.46351	46.7338486	0.362561	0.000137028	 9.62	249.897549	46.733852	23.638	21.260	19.594	19.103	18.652	022.381	01.693	01.400	19.655	20.565
3748.46438	47.1760597	0.269436	0.000108609	15.65	249.897631	47.176057	22.124	20.269	18.847	18.283	17.954	021.170	01.447	01.117	18.935	19.599
3748.4775	47.07569	0.23403	0.00016	2MASX	249.898505	47.075687	20.499	18.532	17.193	16.683	16.338	021.146	01.366	02.251	17.389	18.718
3748.515	46.5941811	0.171094	9.44655e-05	16.30	249.900997	46.594177	21.522	19.832	18.792	18.315	18.002	021.277	01.063	01.176	18.930	19.618
3748.51587	47.1534194	0.227396	0.000122985	14.76	249.901063	47.153425	21.790	19.978	18.528	18.006	17.681	020.981	01.476	01.172	18.641	19.347
3748.5225	46.49242	0.14108	0.00017	SDSS	249.901476	46.492422	19.876	18.419	17.467	17.013	16.662	020.896	00.974	01.802	17.622	18.746
3748.53	46.8252717	0.178541	0.000103772	14.76	249.901997	46.825271	22.588	20.521	19.374	18.936	18.600	021.070	01.174	00.824	19.495	19.909
3748.54844	46.4493217	0.192191	8.64599e-05	13.82	249.903254	46.449318	21.149	19.027	17.705	17.221	16.859	021.113	01.343	01.802	17.839	18.950
3748.5744	46.27322	0.11424	0.00018	2MASX	249.904993	46.273229	18.948	17.038	16.014	15.585	15.219	019.894	01.041	02.212	16.175	17.466
3748.6194	47.04194	0.23008	0.00019	SDSS	249.907945	47.041932	20.817	19.102	17.655	17.259	16.733	020.848	01.474	01.620	17.805	18.812
3748.62444	47.0528297	0.227438	0.0001441	12.41	249.908298	47.052834	19.670	18.163	16.952	16.431	16.195	021.593	01.237	03.193	17.077	18.660
3748.63644	47.0587692	0.22601	0.000108275	16.60	249.909107	47.058766	22.145	19.750	18.386	17.887	17.502	021.789	01.391	01.903	18.397	19.500
3748.63935	46.96583	0.04910	0.00017	2MASX	249.909290	46.965848	18.721	16.945	16.058	15.578	15.257	020.529	00.911	02.923	16.205	17.892
3748.66431	46.3183289	0.227071	0.000131558	10.99	249.910959	46.318326	23.055	20.173	18.804	18.206	17.718	022.021	01.387	01.570	19.047	20.018
3748.68581	47.0059319	0.225697	0.000109142	16.62	249.912409	47.005927	22.130	20.179	18.811	18.316	17.994	021.135	01.393	01.115	18.904	19.572
3748.71156	46.8601989	0.216538	9.29311e-05	13.61	249.914099	46.860199	22.201	20.735	19.478	18.961	18.626	021.604	01.284	01.019	19.568	20.143
3748.7319	46.68436	0.19248	0.00015	SDSS	249.915484	46.684367	20.504	18.866	17.689	17.242	16.907	021.705	01.203	02.547	17.680	18.996
3748.73988	46.5073014	0.228073	9.94356e-05	15.40	249.915988	46.507299	21.798	20.334	19.095	18.680	18.370	021.561	01.262	01.191	19.186	19.917
3748.81113	46.8316689	-0.000307346	0.0001437	 6.35	249.920756	46.831679	22.271	20.391	19.167	18.601	18.220	022.243	01.251	01.519	19.340	20.238
3748.85787	46.7733497	0.223798	0.000115347	14.19	249.923862	46.773351	22.302	20.640	19.346	18.815	18.527	021.781	01.321	01.161	19.462	20.157
3748.86087	47.0664214	0.228279	0.000110377	15.24	249.924071	47.066416	21.413	19.324	18.032	17.501	17.212	021.947	01.319	02.176	18.264	19.595
3748.87462	46.6364594	0.244782	0.000142532	10.76	249.924982	46.636458	22.807	20.678	19.279	18.825	18.496	021.664	01.422	01.167	19.334	20.067
3748.94931	46.8775711	0.216492	8.13564e-05	17.35	249.929947	46.877577	21.540	19.566	18.266	17.723	17.420	020.948	01.327	01.316	18.357	19.151
3748.95055	46.4839286	0.415795	0.000109242	14.79	249.930052	46.483926	25.912	21.298	19.595	18.896	18.581	021.903	01.725	01.089	19.723	20.400
3748.95575	46.7578011	0.233389	0.00012492	13.29	249.930406	46.757799	23.745	20.833	19.402	18.946	18.566	021.566	01.458	01.057	19.451	20.120
3748.9815	46.4486503	0.228583	0.000108542	15.73	249.932126	46.448653	20.864	18.898	17.624	17.100	16.803	021.573	01.296	02.227	17.839	19.162
3748.99437	46.7598494	0.215682	0.000108008	14.21	249.932962	46.759853	22.235	20.564	19.403	18.996	18.644	021.299	01.188	00.917	19.492	20.023
3749.00081	46.4101792	0.224091	0.000102638	16.93	249.933384	46.410184	22.890	20.298	19.059	18.547	18.279	021.625	01.260	01.278	19.097	19.901
3749.00293	46.7985686	0.223228	0.000121618	13.57	249.933516	46.798567	22.131	20.226	18.876	18.348	18.017	021.965	01.377	01.554	19.013	19.954
3749.00806	46.4573289	0.192547	0.000126254	 9.72	249.933893	46.457330	21.942	20.080	19.052	18.605	18.340	021.686	01.049	01.257	19.194	19.947
3749.04112	46.3409997	0.22293	0.000125053	10.75	249.936082	46.341004	21.670	19.767	18.463	17.915	17.569	022.496	01.324	02.508	18.504	19.840
3749.05956	46.6980208	0.221116	0.00011121	14.79	249.937299	46.698023	22.516	20.678	19.375	18.942	18.587	021.151	01.329	00.861	19.481	19.938
3749.06218	46.6697692	0.48034	0.000111644	 9.65	249.937477	46.669764	22.793	21.250	19.894	19.263	18.795	022.620	01.381	01.370	19.941	20.782
3749.06432	46.7216989	0.233271	0.000123819	12.26	249.937619	46.721696	23.802	20.874	19.552	19.118	18.847	021.493	01.348	00.936	19.642	20.191
3749.12824	46.4991111	0.189115	9.38317e-05	13.36	249.941889	46.499115	22.977	20.347	19.147	18.651	18.367	021.096	01.223	00.976	19.154	19.759
3749.13768	46.8367881	0.362359	0.000193534	 6.77	249.942536	46.836788	22.440	20.875	19.518	18.977	18.533	022.416	01.384	01.418	19.663	20.498
3749.15505	46.33072	0.41556	0.00022	SDSS	249.943685	46.330726	22.851	20.851	19.101	18.399	18.055	022.116	01.769	01.513	19.222	20.158
3749.19219	46.4241219	0.223069	0.000161245	 8.48	249.946156	46.424115	25.169	21.147	19.964	19.465	19.078	021.915	01.204	00.920	20.101	20.598
3749.21106	47.1133117	0.234665	8.15565e-05	10.81	249.947409	47.113314	22.014	20.091	18.859	18.448	18.159	022.053	01.259	01.614	19.018	20.032
3749.21882	46.5793914	0.189049	7.74203e-05	16.11	249.947936	46.579391	22.066	19.965	18.859	18.410	18.155	020.839	01.129	00.956	18.942	19.511
3749.24801	46.8445397	0.220876	0.000133159	12.52	249.949870	46.844539	23.006	20.428	19.132	18.646	18.262	021.575	01.323	01.180	19.221	19.913
3749.25612	46.8516997	0.362231	0.000137462	10.76	249.950411	46.851697	21.886	21.064	19.289	18.656	18.226	022.258	01.801	01.485	19.404	20.311
3749.2587	46.29486	0.19046	0.00011	SDSS	249.950568	46.294851	19.415	18.346	17.680	17.291	17.097	021.417	00.685	02.122	17.788	19.200
3749.26731	46.7446594	0.219201	0.000102905	17.55	249.951135	46.744658	22.186	20.515	19.204	18.741	18.413	021.172	01.337	00.976	19.230	19.834
3749.2965	46.7618789	0.226625	0.000124386	11.99	249.953094	46.761876	23.054	20.432	19.134	18.691	18.455	021.803	01.325	01.272	19.286	20.055
3749.34156	46.8861314	0.226034	9.83682e-05	18.13	249.956106	46.886128	21.526	19.614	18.290	17.777	17.443	021.158	01.351	01.411	18.415	19.285
3749.35443	46.6636008	0.233276	0.000122518	12.15	249.956961	46.663606	22.850	20.814	19.701	19.324	18.998	021.625	01.137	00.941	19.762	20.340
3749.37199	47.0074386	0.220727	9.65336e-05	18.44	249.958136	47.007440	21.921	19.771	18.472	17.997	17.667	021.259	01.325	01.392	18.546	19.417
3749.38356	46.7352106	0.229843	0.000174021	 8.04	249.958936	46.735210	23.330	21.079	19.729	19.235	18.993	021.509	01.376	00.869	19.819	20.313
3749.38743	47.0497589	0.228698	0.000129823	11.33	249.959159	47.049757	20.966	19.678	18.528	18.084	17.844	022.056	01.176	01.876	18.695	19.849
3749.43813	46.6345597	0.165494	9.95357e-05	11.30	249.962548	46.634558	21.312	20.336	18.674	19.288	18.043	023.086	01.685	03.465	18.392	19.841
3749.44368	46.3393783	0.394821	0.000104172	14.91	249.962926	46.339382	21.628	20.534	18.902	18.465	18.237	022.004	01.652	01.569	19.031	20.014
3749.469	46.81604	0.235652	0.000136161	10.36	249.964617	46.816036	21.511	19.732	18.426	17.969	17.549	021.936	01.333	01.832	18.626	19.739
3749.48744	46.47892	0.188187	8.32244e-05	13.68	249.965853	46.478913	23.348	20.351	19.127	18.672	18.282	021.081	01.247	00.936	19.230	19.770
3749.49563	46.9431494	0.229196	9.53995e-05	17.12	249.966371	46.943149	21.265	19.134	17.826	17.304	16.906	021.516	01.333	02.027	17.987	19.139
3749.50763	46.8199883	0.219254	0.000111777	16.23	249.967168	46.819990	22.310	20.271	18.864	18.373	18.018	021.193	01.434	01.119	18.954	19.579
3749.58312	46.6844597	0.227859	0.000101937	14.86	249.972197	46.684455	22.914	20.723	19.262	18.758	18.522	021.202	01.485	00.933	19.358	19.893
3749.6094	46.87406	0.22527	0.00019	2MASX	249.973965	46.874072	20.683	18.465	17.053	16.535	16.155	021.272	01.438	02.562	17.234	18.649
3749.61018	46.6162606	0.223066	0.000108875	14.93	249.974016	46.616263	22.477	20.347	19.155	18.711	18.356	021.412	01.215	01.069	19.272	19.851
3749.61018	46.2158583	0.194841	0.000102771	15.37	249.974016	46.215859	21.914	20.629	19.467	18.998	18.566	021.380	01.177	00.931	19.540	20.043
3749.62093	46.8962517	0.227255	0.000108775	13.43	249.974726	46.896250	21.249	19.738	18.382	17.844	17.578	021.816	01.382	01.799	18.546	19.659
3749.63506	46.53236	0.189642	9.99693e-05	14.60	249.975682	46.532362	20.781	19.402	18.304	17.897	17.622	021.379	01.120	01.531	18.459	19.348
3749.69988	46.9384689	0.225453	0.000116814	13.04	249.979989	46.938469	22.362	20.354	19.109	18.611	18.294	021.568	01.270	01.175	19.223	19.920
3749.70888	46.7582206	0.239528	0.000112545	13.21	249.980573	46.758226	22.172	20.582	19.359	18.944	18.621	021.619	01.250	01.068	19.481	20.012
3749.72307	46.5577203	0.231143	0.000138963	10.00	249.981551	46.557716	22.678	20.956	19.801	19.329	20.212	022.006	01.178	01.046	19.913	20.143
3749.7462	46.70797	0.11117	0.00068	ABELL	249.982912	46.708087	19.725	18.599	18.045	17.747	17.596	021.664	00.580	02.021	18.141	19.454
3749.77925	46.4904289	0.225839	0.000136561	10.43	249.985270	46.490431	22.413	21.217	19.878	19.404	19.174	021.846	01.362	00.944	19.976	20.504
3749.78957	46.4624711	0.228541	0.000252242	 5.05	249.985959	46.462467	22.553	20.994	19.900	19.629	19.477	022.486	01.116	01.228	20.045	20.724
3749.79315	46.69456	0.22483	0.00032	ABELL	249.985906	46.694556	23.438	20.574	19.162	18.676	18.297	021.455	01.437	01.088	19.277	19.940
3749.7975	46.7265	0.22764	0.00029	ABELL	249.986378	46.726580	22.762	19.902	18.421	17.926	17.593	021.092	01.506	01.316	18.501	19.344
3749.805	46.67336	0.17830	0.00024	ABELL	249.987165	46.673124	22.648	19.717	18.541	18.050	17.723	021.077	01.200	01.203	18.681	19.426
3749.82495	46.45622	0.16878	0.00017	SDSS	249.988345	46.456221	20.170	18.585	17.490	17.028	16.688	021.385	01.117	02.373	17.514	18.831
3749.90888	46.7919883	0.229642	0.000109943	14.44	249.993919	46.791986	22.244	20.008	18.579	18.104	17.781	021.211	01.455	01.279	18.682	19.439
3749.90931	47.1443406	0.221929	0.000124286	12.96	249.993965	47.144341	21.359	20.100	18.777	18.279	17.971	021.736	01.348	01.442	18.946	19.835
3749.94707	46.2587586	0.245337	0.000127288	10.75	249.996477	46.258758	22.700	20.288	18.802	18.209	17.803	022.158	01.503	01.725	18.979	20.068
3749.9538	46.695	0.23201	0.00083	ABELL	249.996569	46.695037	23.146	21.212	20.015	19.605	19.307	022.443	01.222	01.169	20.109	20.836
3749.97581	46.4551889	0.222895	0.000102971	17.66	249.998420	46.455191	21.248	18.922	17.583	17.105	16.817	021.010	01.362	01.827	17.706	18.833
3749.97626	46.3294717	0.361306	0.000103772	11.42	249.998451	46.329473	21.124	20.593	19.489	19.015	18.613	022.071	01.124	01.269	19.559	20.312
3749.9787	46.74	0.22576	0.00028	ABELL	249.998455	46.740067	21.711	20.209	18.954	18.503	18.254	021.473	01.281	01.212	19.060	19.749
3749.99343	46.5111808	0.226439	0.000160244	 7.78	249.999560	46.511181	22.115	20.878	19.636	19.280	19.006	022.218	01.264	01.233	19.768	20.528
3750.00931	46.4057503	0.395033	0.000126721	11.53	250.000632	46.405746	24.806	21.589	19.736	19.151	18.723	021.833	01.874	01.010	19.816	20.442
3750.01318	46.7869417	0.214765	0.000130857	12.54	250.000875	46.786940	22.059	20.046	18.794	18.286	17.912	021.569	01.278	01.354	18.916	19.702
3750.01488	46.4662589	0.22321	0.00011111	15.23	250.000975	46.466257	22.955	20.235	18.788	18.189	17.832	021.348	01.469	01.222	18.918	19.690
3750.04018	46.5776786	0.4721	0.000134026	11.14	250.002684	46.577683	22.855	21.917	19.990	19.131	18.694	022.190	01.950	01.030	20.131	20.729
3750.04451	47.0077094	0.231144	0.000124953	11.13	250.002968	47.007705	22.042	20.221	18.827	18.243	17.879	021.695	01.419	01.397	18.974	19.838
3750.06681	46.6781692	0.221456	0.000104206	10.89	250.004454	46.678179	24.075	20.652	19.308	18.843	18.491	021.524	01.368	01.067	19.388	20.041
3750.07924	47.1203803	0.230566	9.98025e-05	16.13	250.005297	47.120376	21.768	20.039	18.666	18.180	17.856	020.847	01.398	01.030	18.788	19.378
3750.10185	46.69739	0.23023	0.00066	ABELL	250.006569	46.697461	21.789	20.653	19.832	19.493	19.262	021.856	00.846	00.965	19.938	20.445
3750.108	46.6313897	0.22416	0.000126054	12.83	250.007182	46.631395	24.720	20.750	19.390	18.941	18.617	021.572	01.383	01.052	19.467	20.108
3750.1206	46.28261	0.03766	0.00010	2MASX	250.008068	46.282601	18.011	17.026	16.596	16.328	16.164	019.385	00.448	01.366	16.713	17.562
3750.16425	46.7455903	0.21987	0.000160645	 9.84	250.010955	46.745583	23.517	21.329	19.951	19.511	19.113	022.148	01.404	01.018	20.114	20.630
3750.1737	46.73758	0.22417	0.00066	ABELL	250.011495	46.737650	22.927	21.285	19.962	19.508	19.266	022.058	01.349	00.997	20.070	20.586
3750.18181	46.5563203	0.19008	8.48922e-05	19.41	250.012113	46.556321	21.335	19.376	18.277	17.865	17.561	021.376	01.122	01.555	18.422	19.401
3750.19125	46.8465881	0.228972	0.000254777	 4.66	250.012763	46.846589	22.011	21.086	19.940	19.476	19.516	022.748	01.172	01.409	20.008	20.864
3750.19935	46.69825	0.22690	0.00051	ABELL	250.013033	46.698295	24.121	20.362	18.954	18.488	18.139	021.173	01.433	01.051	19.070	19.700
3750.20112	46.6359786	0.223533	0.000104773	17.92	250.013425	46.635984	21.999	20.033	18.681	18.189	17.892	021.143	01.376	01.200	18.752	19.513
3750.21	46.733	0.22342	0.00036	ABELL	250.013875	46.733029	22.519	20.345	18.953	18.411	18.075	021.580	01.417	01.253	19.095	19.805
3750.2187	46.69389	0.22761	0.00031	ABELL	250.014419	46.693737	23.458	21.629	20.444	20.008	19.683	022.118	01.209	00.862	20.445	20.901
3750.22388	46.8044394	0.222048	0.000107808	16.93	250.014934	46.804440	22.400	20.193	18.846	18.356	17.967	021.302	01.373	01.165	18.975	19.631
3750.2313	46.77708	0.23405	0.00045	ABELL	250.015381	46.777140	21.489	19.633	18.305	17.805	17.499	021.432	01.354	01.557	18.476	19.412
3750.24435	46.67939	0.22681	0.00028	ABELL	250.016531	46.679194	24.308	21.853	20.361	19.851	19.466	021.708	01.516	00.712	20.451	20.784
3750.2538	46.73492	0.22510	0.00048	ABELL	250.016673	46.734963	23.108	21.171	19.765	19.315	18.944	021.965	01.431	01.047	19.870	20.409
3750.2562	46.77922	0.23157	0.00081	ABELL	250.017083	46.779274	21.644	19.586	18.514	18.034	17.728	021.900	01.098	01.780	18.653	19.749
3750.27435	46.70239	0.21610	0.00031	ABELL	250.017973	46.702448	21.735	19.933	18.626	18.111	17.809	020.950	01.332	01.099	18.750	19.420
3750.3075	46.70006	0.22651	0.00045	ABELL	250.020195	46.700074	22.340	20.677	19.846	19.655	19.461	021.774	00.856	00.916	19.970	20.465
3750.31612	46.8603592	0.230473	0.000150971	 9.67	250.021061	46.860352	22.566	21.342	19.948	19.491	19.194	022.043	01.420	00.971	20.112	20.566
3750.31869	46.3555794	0.223387	0.000110443	15.46	250.021253	46.355578	23.165	20.769	19.523	19.063	18.756	021.150	01.267	00.816	19.597	20.018
3750.3219	47.16711	0.22513	0.00015	SDSS	250.021429	47.167111	21.197	19.291	17.854	17.316	17.050	021.789	01.461	02.472	17.829	19.041
3750.32213	46.8357392	0.223564	0.000121017	12.34	250.021474	46.835733	23.095	20.959	19.633	19.174	18.812	021.956	01.352	01.107	19.740	20.364
3750.37065	46.70111	0.22512	0.00052	ABELL	250.024346	46.701131	20.801	19.871	19.245	18.949	18.797	021.808	00.651	01.266	19.301	20.047
3750.37151	46.4593583	0.361498	0.00010524	13.29	250.024784	46.459359	22.075	20.469	19.035	18.440	18.092	021.799	01.456	01.334	19.178	20.024
3750.38685	46.73875	0.22595	0.00035	ABELL	250.025586	46.738782	22.641	20.956	19.623	19.150	18.814	021.650	01.358	00.973	19.714	20.209
3750.38737	46.8064194	0.230156	0.000112144	14.40	250.025832	46.806413	22.038	20.371	19.016	18.507	18.136	021.763	01.381	01.349	19.118	19.913
3750.39294	46.7828408	0.225752	0.000114079	15.51	250.026198	46.782841	21.654	19.179	17.850	17.337	17.006	021.070	01.355	01.657	17.978	18.989
3750.39557	46.3882789	0.15316	7.81875e-05	16.22	250.026374	46.388276	21.906	20.160	18.970	18.494	18.134	021.144	01.211	01.036	19.072	19.687
3750.4038	46.77386	0.14517	0.00046	ABELL	250.026826	46.773899	20.590	18.762	17.719	17.302	16.996	021.041	01.069	01.691	17.905	18.924
3750.42	46.67783	0.22881	0.00023	ABELL	250.028206	46.677638	21.633	19.882	18.494	17.986	17.645	021.487	01.412	01.555	18.533	19.507
3750.42087	46.6286811	0.221318	9.65336e-05	17.93	250.028059	46.628683	22.075	19.691	18.447	17.986	17.632	021.284	01.267	01.392	18.571	19.451
3750.44276	46.6325989	0.224697	0.000101237	17.10	250.029507	46.632601	23.302	20.178	18.743	18.292	18.004	021.276	01.458	01.226	18.839	19.610
3750.45435	46.75847	0.22843	0.00035	ABELL	250.030175	46.758533	22.270	20.588	19.160	18.650	18.340	021.535	01.454	01.141	19.254	19.897
3750.47238	46.9006881	0.228059	0.000118215	14.96	250.031491	46.900691	21.511	20.044	18.683	18.176	17.846	021.450	01.386	01.370	18.771	19.615
3750.5412	46.69525	0.19102	0.00054	ABELL	250.035732	46.695255	21.487	20.596	19.778	19.353	19.093	021.853	00.842	00.973	19.917	20.386
3750.55065	46.72794	0.23220	0.00020	ABELL	250.036431	46.727988	22.188	20.344	18.882	18.456	18.106	021.179	01.487	01.085	19.007	19.602
3750.55775	46.7461014	0.21855	0.000116181	 7.83	250.037180	46.746095	22.768	20.871	19.687	19.185	18.825	022.208	01.210	01.213	19.794	20.501
3750.56419	46.8220406	0.221912	0.000177657	 7.85	250.037623	46.822045	22.558	20.775	19.518	19.080	18.707	022.413	01.283	01.470	19.581	20.458
3750.57	46.76353	0.22788	0.00031	ABELL	250.037959	46.763592	21.680	20.400	19.523	19.234	19.102	022.109	00.903	01.263	19.607	20.322
3750.5712	46.69792	0.21688	0.00044	ABELL	250.037812	46.697913	24.292	21.066	19.781	19.301	18.988	021.667	01.309	00.901	19.898	20.337
3750.57315	46.70314	0.23584	0.00036	ABELL	250.037895	46.703166	22.548	21.637	20.392	19.920	19.576	022.742	01.270	01.121	20.499	21.070
3750.57837	46.7796211	0.224026	0.000131491	11.38	250.038549	46.779625	22.325	20.764	19.471	19.033	18.790	022.089	01.319	01.232	19.641	20.338
3750.58306	46.85429	0.22847	0.000107808	13.15	250.038891	46.854288	22.528	20.743	19.448	18.888	18.682	021.846	01.321	01.163	19.523	20.190
3750.5913	46.72578	0.22606	0.00041	ABELL	250.039147	46.725831	21.504	19.872	19.070	18.780	18.597	021.629	00.827	01.270	19.115	19.843
3750.60315	46.71756	0.22607	0.00027	ABELL	250.039939	46.717584	23.363	21.541	20.188	19.692	19.362	022.035	01.378	00.890	20.293	20.705
3750.61913	46.8247986	0.235528	8.80277e-05	14.42	250.041270	46.824801	21.453	19.451	18.063	17.552	17.235	021.244	01.414	01.662	18.146	19.147
3750.62988	46.9134483	0.224533	0.000119049	13.89	250.041981	46.913450	22.008	20.210	18.862	18.349	18.054	021.398	01.372	01.202	19.003	19.712
3750.63456	46.4822692	0.265611	0.00011498	14.29	250.042324	46.482273	21.021	19.471	18.169	17.670	17.314	021.745	01.325	01.922	18.331	19.520
3750.63631	46.5944406	0.221526	9.77011e-05	18.60	250.042447	46.594442	21.372	19.470	18.126	17.630	17.296	021.265	01.367	01.592	18.260	19.264
3750.6375	46.75892	0.23429	0.00048	ABELL	250.042340	46.758977	22.768	20.568	19.091	18.560	18.199	021.373	01.503	01.081	19.209	19.799
3750.66435	46.72292	0.23420	0.00028	ABELL	250.044045	46.722960	22.636	20.588	18.994	18.529	18.273	021.615	01.619	01.283	19.079	19.773
3750.69637	46.5339089	0.259554	0.000120017	13.78	250.046447	46.533914	22.935	20.646	19.299	18.818	18.532	021.561	01.371	01.120	19.320	20.054
3750.70815	46.282	0.03835	0.00016	2MASX	250.047253	46.281952	17.555	15.755	14.944	14.560	14.247	019.726	00.829	03.365	15.096	16.810
3750.71685	46.70867	0.23624	0.00030	ABELL	250.047461	46.708697	22.879	21.218	19.931	19.410	19.039	022.275	01.312	01.123	20.028	20.694
3750.71956	46.5773392	0.187881	8.08894e-05	14.11	250.047964	46.577338	21.928	19.940	18.749	18.222	17.869	021.188	01.215	01.150	18.890	19.599
3750.735	46.64831	0.35601	0.00056	ABELL	250.049188	46.648198	21.545	21.229	20.213	19.875	19.556	022.412	01.039	01.051	20.309	20.866
3750.78315	46.69989	0.22228	0.00021	ABELL	250.051841	46.699892	22.823	20.894	19.617	19.117	18.781	021.750	01.301	01.024	19.704	20.282
3750.7835	46.8268319	0.22309	0.000123219	13.65	250.052219	46.826827	22.839	20.128	18.854	18.391	18.112	021.875	01.300	01.496	19.005	19.898
3750.78435	46.75972	0.22234	0.00043	ABELL	250.052101	46.759764	23.816	21.697	20.338	19.862	19.539	022.210	01.385	00.873	20.510	20.869
3750.79295	46.5115394	0.230174	0.000102971	14.23	250.052862	46.511546	22.202	20.629	19.503	19.182	18.944	021.791	01.149	01.107	19.575	20.242
3750.7962	46.68628	0.23408	0.00021	ABELL	250.053277	46.686097	22.204	19.557	18.188	17.681	17.355	020.966	01.393	01.355	18.311	19.136
3750.81525	46.7217103	0.229411	0.00010534	15.67	250.054333	46.721704	23.027	20.669	19.322	18.799	18.590	021.650	01.373	01.125	19.399	20.032
3750.81657	46.6088714	0.227594	0.000115247	13.39	250.054453	46.608866	20.290	18.909	17.611	17.145	16.792	021.803	01.322	02.516	17.804	19.239
3750.8187	46.71839	0.23044	0.00023	ABELL	250.054344	46.718420	20.172	19.456	18.885	18.594	18.455	021.322	00.596	01.159	19.007	19.668
3750.8238	46.74458	0.22400	0.00022	ABELL	250.054709	46.744620	22.255	19.772	18.334	17.820	17.468	021.108	01.464	01.367	18.434	19.257
3750.85257	46.6401292	0.227675	0.000122285	11.87	250.056865	46.640134	22.390	20.609	19.244	18.773	18.480	021.439	01.388	01.035	19.369	19.983
3750.8625	46.74739	0.22371	0.00047	ABELL	250.057327	46.747433	23.081	21.184	19.822	19.392	19.105	022.087	01.388	01.078	19.929	20.509
3750.87255	46.69706	0.11097	0.00014	SDSS	250.058176	46.697070	19.771	18.282	17.505	17.078	16.775	021.528	00.801	02.378	17.652	19.073
3750.8913	46.71803	0.22545	0.00028	ABELL	250.059078	46.718057	22.755	20.414	19.075	18.593	18.219	021.310	01.364	01.084	19.140	19.761
3750.89685	46.73136	0.22030	0.00031	ABELL	250.059511	46.731407	24.570	21.018	19.747	19.224	18.907	021.968	01.297	01.057	19.853	20.428
3750.9012	46.77075	0.21737	0.00039	ABELL	250.059913	46.770811	22.184	20.524	19.131	18.596	18.276	021.427	01.420	01.096	19.233	19.845
3750.90555	46.95225	0.06742	0.00015	SDSS	250.060390	46.952244	19.604	17.792	16.916	16.505	16.203	020.114	00.900	01.637	17.049	18.060
3750.915	46.71789	0.22495	0.00054	ABELL	250.060711	46.717918	24.288	21.933	20.492	19.835	19.419	022.166	01.466	00.831	20.573	20.710
3750.92982	46.7819594	0.219104	9.5633e-05	18.18	250.061989	46.781958	21.693	20.006	18.814	18.335	17.983	021.623	01.218	01.372	18.941	19.757
3750.9813	46.7635	0.23072	0.00048	ABELL	250.065292	46.763574	22.541	21.074	19.685	19.199	18.875	021.814	01.416	01.013	19.791	20.307
3750.98475	46.68927	0.224793	0.000103038	 9.73	250.065642	46.689275	22.973	21.210	19.912	19.405	19.082	022.100	01.323	01.035	20.030	20.572
3750.9865	46.4374886	0.361402	0.000142232	 9.00	250.065758	46.437488	25.824	21.479	19.893	19.281	18.997	022.134	01.608	01.087	19.958	20.644
3750.98731	47.0170708	0.226069	0.000111811	14.41	250.065832	47.017074	21.482	19.977	18.681	18.216	17.914	021.452	01.320	01.343	18.817	19.621
3750.99375	46.7551994	0.230002	0.000108342	15.78	250.066256	46.755193	22.402	20.533	19.185	18.710	18.385	021.754	01.374	01.216	19.334	20.023
3750.99762	46.3512917	0.398368	0.000142332	10.77	250.066525	46.351295	22.625	21.792	19.918	19.317	18.834	022.039	01.895	01.008	20.027	20.614
3751.0056	46.61239	0.24451	0.00017	2MASX	250.067057	46.612385	20.831	18.745	17.308	16.795	16.488	020.900	01.460	02.014	17.385	18.574
3751.0062	46.73678	0.23204	0.00026	ABELL	250.066940	46.736843	21.853	20.478	18.618	18.094	18.444	021.772	01.886	01.651	18.688	19.428
3751.01181	46.6142692	0.263013	0.000128256	12.64	250.067449	46.614271	23.113	21.264	19.708	19.321	18.729	021.716	01.579	01.003	19.714	20.154
3751.0125	46.67244	0.22794	0.00037	ABELL	250.067633	46.672284	23.701	21.537	20.242	19.758	19.366	022.305	01.319	00.977	20.361	20.909
3751.02557	47.0499	0.221258	0.000132258	11.69	250.068366	47.049899	22.428	20.486	19.191	18.699	18.313	021.120	01.320	00.934	19.273	19.775
3751.0413	46.76853	0.23196	0.00062	ABELL	250.069316	46.768602	22.543	20.624	19.305	18.827	18.584	021.794	01.345	01.191	19.419	20.078
3751.0425	46.71928	0.22661	0.00085	ABELL	250.069200	46.719327	23.954	21.824	20.593	20.147	20.075	022.630	01.256	00.969	20.703	21.182
3751.0575	46.71331	0.22789	0.00030	ABELL	250.070224	46.713348	23.040	21.580	20.243	19.737	19.468	022.188	01.362	00.927	20.358	20.847
3751.05813	47.1883889	0.224955	0.00011518	14.36	250.070528	47.188391	22.514	20.217	18.821	18.359	18.060	021.178	01.419	01.124	18.929	19.594
3751.059	46.6311989	0.22496	0.00012989	12.72	250.070576	46.631196	21.867	20.685	19.320	18.835	18.486	021.617	01.388	01.100	19.415	20.093
3751.06065	46.66408	0.21569	0.00062	ABELL	250.070795	46.663898	23.345	21.696	20.423	19.959	19.570	022.898	01.297	01.206	20.496	21.262
3751.068	46.9000703	0.225657	0.000119383	11.51	250.071181	46.900066	21.784	19.872	18.575	18.069	17.705	022.157	01.322	01.902	18.766	19.937
3751.07232	46.6003417	0.244954	0.000106574	13.50	250.071495	46.600344	21.955	20.425	19.120	18.575	18.252	021.788	01.328	01.292	19.237	20.034
3751.1135	46.5965806	0.22904	0.000114413	14.36	250.074223	46.596580	23.141	21.104	19.827	19.400	19.049	021.594	01.300	00.861	19.924	20.378
3751.12185	46.744	0.22597	0.00036	ABELL	250.074561	46.744049	22.882	21.407	20.115	19.589	19.218	022.079	01.318	00.946	20.205	20.597
3751.13685	46.71	0.23098	0.00032	ABELL	250.075478	46.709996	22.894	20.538	19.117	18.715	18.214	021.190	01.446	00.997	19.202	19.718
3751.1481	46.67247	0.18908	0.00015	SDSS	250.076568	46.672489	20.547	18.610	17.447	17.013	16.719	020.756	01.187	01.733	17.567	18.627
3751.185	46.31064	0.23226	0.00006	SDSS	250.079006	46.310630	19.334	18.305	17.596	17.232	17.077	021.252	00.728	02.070	17.677	18.954
3751.19565	46.71153	0.22868	0.00056	ABELL	250.079316	46.711536	22.264	21.904	21.162	20.453	19.485	023.442	00.767	01.391	20.730	20.352
3751.20315	46.66911	0.22879	0.00017	ABELL	250.080351	46.668976	24.997	20.801	19.496	18.910	18.557	021.570	01.329	00.997	19.582	20.051
3751.20919	46.6825906	0.187014	9.92688e-05	15.64	250.080594	46.682593	21.431	19.572	18.318	17.816	17.440	020.944	01.279	01.259	18.449	19.201
3751.21185	46.68486	0.22340	0.00030	ABELL	250.080908	46.684733	22.524	20.509	19.263	18.770	18.454	021.278	01.271	00.966	19.358	19.866
3751.2132	46.89361	0.11047	0.00015	SDSS	250.080879	46.893614	20.250	18.314	17.307	16.898	16.521	019.771	01.032	01.177	17.422	18.106
3751.2381	46.71144	0.22435	0.00024	2MASX	250.082540	46.711483	20.252	17.882	16.655	16.094	15.727	022.302	01.252	04.761	16.919	19.054
3751.23925	46.9749908	0.224801	0.000110176	15.94	250.082615	46.974984	21.594	19.794	18.411	17.899	17.553	021.274	01.407	01.398	18.551	19.405
3751.24815	46.64481	0.22909	0.00035	ABELL	250.083285	46.644673	21.717	20.160	18.848	18.360	18.034	021.780	01.335	01.518	18.879	19.823
3751.25256	46.7091714	0.227822	0.000131992	13.17	250.083492	46.709173	22.491	21.014	19.590	19.044	18.465	022.528	01.449	01.742	19.328	20.034
3751.25469	47.1310997	0.223484	0.000105206	15.87	250.083661	47.131106	21.810	19.704	18.345	17.838	17.466	021.653	01.384	01.702	18.503	19.562
3751.25945	46.3084717	0.23172	9.99026e-05	14.81	250.083941	46.308475	21.862	20.141	19.045	18.496	18.089	022.213	01.115	01.617	19.174	20.206
3751.2738	46.67014	0.19124	0.00021	ABELL	250.084931	46.670027	21.914	19.675	18.451	17.957	17.640	020.830	01.248	01.139	18.552	19.180
3751.28565	46.69686	0.23427	0.00017	ABELL	250.085346	46.696831	21.886	20.091	18.720	18.199	17.795	021.323	01.396	01.246	18.850	19.579
3751.29375	46.76436	0.22464	0.00047	ABELL	250.086425	46.764403	22.918	21.070	19.737	19.263	18.859	021.925	01.359	01.063	19.797	20.382
3751.30065	46.71219	0.22125	0.00025	ABELL	250.086490	46.712228	21.704	20.314	19.297	18.701	17.944	025.179	01.043	07.902	18.695	20.195
3751.31505	46.47869	0.05857	0.00091	SDSS	250.087638	46.478699	17.615	16.944	16.735	16.266	16.389	020.083	00.232	01.763	16.857	17.925
3751.32807	46.6902808	0.189434	9.40986e-05	18.15	250.088541	46.690288	21.344	19.400	18.223	17.740	17.419	020.833	01.201	01.253	18.348	19.086
3751.32851	46.72324	0.219342	0.000132925	11.97	250.088558	46.723249	22.679	20.725	19.408	18.814	18.548	021.633	01.343	01.058	19.516	20.017
3751.3437	46.71092	0.21845	0.00033	ABELL	250.089278	46.710996	22.153	19.996	18.805	18.196	17.787	021.982	01.217	01.624	18.934	19.760
3751.34565	46.68011	0.18839	0.00054	ABELL	250.089800	46.679959	20.786	19.300	18.561	18.094	17.929	021.777	00.764	01.641	18.706	19.730
3751.35	46.7252083	0.230759	9.96691e-05	15.74	250.090027	46.725211	22.064	20.169	18.861	18.364	18.050	021.237	01.333	01.125	18.986	19.621
3751.35944	46.6841889	0.224695	0.000137329	 6.62	250.090653	46.684191	22.605	21.229	19.960	19.513	19.187	022.264	01.293	01.104	20.054	20.675
3751.3662	46.68792	0.18624	0.00030	ABELL	250.091242	46.687760	22.125	20.937	19.627	19.261	18.818	021.267	01.334	00.794	19.773	19.630
3751.3662	46.73289	0.22331	0.00025	ABELL	250.090931	46.732941	21.897	20.358	19.070	18.597	18.353	021.904	01.314	01.386	19.200	20.033
3751.36815	46.74564	0.21581	0.00020	ABELL	250.091096	46.745663	22.034	19.953	18.666	18.195	17.891	021.357	01.314	01.292	18.806	19.558
3751.3725	46.77164	0.21641	0.00036	ABELL	250.091430	46.771731	21.818	20.068	19.213	18.819	18.511	022.008	00.882	01.350	19.361	20.066
3751.37313	46.7015189	0.238508	0.000145668	 9.57	250.091556	46.701520	22.431	21.230	19.997	19.499	19.092	021.924	01.258	00.911	20.131	20.601
3751.3794	46.71283	0.20802	0.00033	B3	250.091755	46.712787	21.826	19.406	18.168	17.661	17.184	020.926	01.263	01.325	18.320	19.034
3751.38	46.71878	0.22525	0.00032	ABELL	250.091712	46.718791	23.852	21.273	19.905	19.385	18.968	021.590	01.394	00.813	20.045	20.383
3751.3875	46.76567	0.21890	0.00041	ABELL	250.092401	46.765738	22.593	21.223	20.001	19.509	19.223	022.161	01.249	01.038	20.085	20.647
3751.38775	47.1243706	0.298086	0.000106507	12.59	250.092528	47.124374	21.474	19.982	18.793	18.312	17.925	022.130	01.214	01.768	18.898	20.025
3751.39676	46.7040711	0.22999	0.000102604	16.30	250.093107	46.704070	22.778	20.463	19.018	18.468	18.120	021.236	01.470	01.066	19.102	19.713
3751.41438	46.2964897	0.231435	0.000137028	 9.42	250.094297	46.296485	23.157	21.142	19.964	19.567	19.107	022.419	01.197	01.122	20.174	20.809
3751.44394	47.0749894	0.223211	0.000112311	14.83	250.096285	47.074986	21.996	19.920	18.539	18.028	17.669	020.993	01.405	01.162	18.672	19.378
3751.44781	46.59404	0.224062	0.000100336	17.74	250.096508	46.594036	21.290	19.400	18.149	17.745	17.372	021.435	01.275	01.712	18.272	19.351
3751.45125	46.7161217	0.226658	0.000112044	13.46	250.096749	46.716122	22.571	20.438	19.079	18.602	18.291	021.557	01.384	01.181	19.201	19.897
3751.45168	47.0962294	0.221412	9.95023e-05	16.92	250.096769	47.096235	21.621	20.189	18.870	18.366	18.083	021.276	01.344	01.146	18.985	19.660
3751.4562	46.77556	0.11028	0.00015	2MASX	250.097096	46.775553	18.653	17.089	16.288	15.864	15.565	020.953	00.828	03.144	16.471	18.162
3751.46756	46.4748803	0.228281	8.50923e-05	13.38	250.097853	46.474875	21.778	19.867	18.535	18.018	17.729	021.520	01.355	01.466	18.694	19.599
3751.47495	46.67556	0.23217	0.00025	ABELL	250.098436	46.675624	23.417	20.568	19.189	18.692	18.320	021.541	01.404	01.120	19.300	19.928
3751.4787	46.70275	0.22875	0.00028	2MASX	250.098544	46.702786	21.073	19.002	17.537	17.016	16.667	021.342	01.490	02.173	17.662	18.921
3751.48125	46.71806	0.23240	0.00028	ABELL	250.098732	46.718021	21.971	19.975	18.524	18.007	17.702	021.148	01.477	01.282	18.614	19.389
3751.48175	46.3858908	0.396488	0.000117748	12.42	250.098806	46.385885	22.793	21.059	19.354	18.736	18.412	022.004	01.726	01.277	19.478	20.260
3751.48755	46.72222	0.22141	0.00020	ABELL	250.099068	46.722146	22.597	20.469	19.160	18.642	18.354	021.491	01.334	01.106	19.277	19.890
3751.4925	46.71467	0.23386	0.00014	SDSS	250.099491	46.714659	20.714	18.933	17.717	17.294	17.038	020.656	01.241	01.459	17.841	18.734
3751.51263	46.9964408	0.221827	0.000121017	12.75	250.100818	46.996444	22.927	20.716	19.350	18.864	18.530	021.780	01.389	01.141	19.499	20.158
3751.52594	46.8174208	0.221948	0.000112378	13.28	250.101698	46.817420	23.017	21.154	19.849	19.373	19.011	021.781	01.331	00.924	19.958	20.365
3751.53019	46.5845908	0.253311	0.000119616	13.14	250.102010	46.584583	21.909	20.107	18.766	18.269	17.918	022.123	01.365	01.738	18.928	19.992
3751.53363	46.5111314	0.223875	0.000150771	 9.11	250.102235	46.511132	22.648	21.203	19.914	19.515	19.171	021.912	01.312	00.939	20.054	20.568
3751.53435	46.70614	0.22033	0.00026	ABELL	250.102452	46.705938	22.758	20.574	19.193	18.630	18.314	022.046	01.407	01.524	19.136	19.681
3751.54225	46.5472411	0.230939	0.000134326	10.15	250.102820	46.547244	23.844	21.404	19.932	19.442	19.519	021.739	01.495	00.894	19.987	20.275
3751.54935	46.67722	0.23311	0.00050	ABELL	250.103075	46.677001	24.123	22.394	20.819	20.392	19.847	022.437	01.599	00.755	21.052	21.323
3751.54994	46.9656906	0.227009	0.000166282	10.04	250.103312	46.965691	22.838	21.203	19.934	19.348	18.921	022.195	01.292	01.087	20.019	20.630
3751.56315	46.73858	0.13463	0.00045	ABELL	250.104340	46.738386	20.521	19.218	18.438	18.030	17.759	021.794	00.806	01.741	18.595	19.696
3751.58685	46.73625	0.22560	0.00051	ABELL	250.105956	46.736023	24.938	21.107	19.780	19.330	19.147	021.938	01.353	01.010	19.921	20.435
3751.5963	46.72856	0.22131	0.00023	ABELL	250.106614	46.728376	22.013	20.083	18.901	18.416	18.136	021.385	01.208	01.166	19.057	19.725
3751.6125	46.70964	0.21019	0.00027	ABELL	250.107574	46.709413	21.836	19.540	18.288	17.810	17.482	020.855	01.277	01.244	18.386	19.138
3751.62251	46.6699714	-0.000837014	0.000146768	 6.18	250.108162	46.669975	24.472	21.264	19.921	19.329	18.963	021.261	01.368	00.690	20.072	20.347
3751.665	46.73719	0.22512	0.00037	ABELL	250.111189	46.736987	22.671	21.073	19.786	19.233	18.927	021.621	01.313	00.889	19.881	20.301
3751.68125	46.6102106	0.220632	0.00011021	14.64	250.112075	46.610217	22.861	20.640	19.390	18.908	18.609	021.500	01.273	00.999	19.507	20.046
3751.68435	46.76214	0.23661	0.00078	ABELL	250.112526	46.761926	22.908	21.747	20.682	20.403	20.203	022.317	01.091	00.783	20.853	21.154
3751.72938	46.7957917	0.409436	0.000173554	 6.72	250.115276	46.795783	21.997	21.347	19.835	19.223	18.861	022.406	01.538	01.242	19.940	20.651
3751.7688	46.69622	0.22271	0.00035	ABELL	250.117997	46.696035	22.733	21.345	20.073	19.604	19.425	021.839	01.297	00.876	20.131	20.588
3751.7844	46.76719	0.21494	0.00015	SDSS	250.118949	46.767196	20.044	18.463	17.504	17.180	16.975	022.215	00.986	03.131	17.742	19.523
3751.81644	46.8206711	0.228162	0.000138963	10.44	250.121078	46.820669	24.031	20.981	19.877	19.318	18.973	022.214	01.130	01.100	20.012	20.596
3751.83494	46.72089	0.214356	0.000165181	 9.40	250.122337	46.720885	23.228	20.981	19.642	19.123	18.804	021.696	01.365	00.996	19.710	20.264
3751.83663	46.4311714	0.224069	0.000109609	14.68	250.122437	46.431173	22.509	20.829	19.657	19.227	18.919	021.315	01.194	00.818	19.756	20.159
3751.85682	46.6851617	0.230532	0.000149771	10.81	250.123782	46.685158	22.673	21.099	19.778	19.286	18.935	021.602	01.345	00.883	19.877	20.320
3751.8588	46.70881	0.21242	0.00065	ABELL	250.124073	46.708602	22.473	21.358	20.086	19.655	19.303	022.196	01.298	00.993	20.216	20.730
3751.89756	46.6794206	0.233901	0.000141998	10.71	250.126494	46.679429	23.703	20.905	19.609	19.130	18.998	021.781	01.321	01.048	19.684	20.295
3751.90699	46.5840417	0.2176	8.04558e-05	16.69	250.127115	46.584035	21.800	19.992	18.619	18.162	17.770	021.021	01.397	01.153	18.717	19.426
3751.90831	46.8111917	0.218073	0.000164214	 8.79	250.127202	46.811195	23.058	21.003	19.788	19.478	19.221	022.187	01.241	01.165	19.860	20.508
3751.9188	46.69628	0.22434	0.00024	ABELL	250.127961	46.696107	23.157	20.483	19.247	18.737	18.515	021.733	01.262	01.191	19.358	20.048
3751.92031	46.4822389	0.232203	0.000125887	12.99	250.128008	46.482243	21.799	20.001	18.565	17.998	17.698	021.643	01.459	01.525	18.732	19.693
3751.92719	46.8855706	0.219161	0.000197737	 7.61	250.128478	46.885567	24.337	20.759	19.554	18.891	18.501	023.050	01.229	01.884	19.680	20.844
3751.95594	46.6574592	0.544688	0.000105973	13.96	250.130372	46.657459	24.247	21.398	19.689	18.762	18.393	022.120	01.733	01.200	19.729	20.461
3751.99185	46.67933	0.23048	0.00047	ABELL	250.132554	46.679116	22.501	20.551	19.111	18.610	18.279	021.204	01.465	00.990	19.231	19.750
3751.9962	46.70847	0.24249	0.00026	ABELL	250.133130	46.708306	20.464	18.605	17.494	17.095	16.897	022.454	01.137	03.423	17.787	19.637
3752.00565	46.77689	0.21658	0.00025	ABELL	250.133985	46.776688	22.117	20.546	19.305	18.816	18.550	021.916	01.268	01.265	19.411	20.153
3752.0313	46.48472	0.23001	0.00019	2MASX	250.135397	46.484707	20.407	18.019	16.589	16.080	15.740	020.994	01.454	02.937	16.659	18.165
3752.0457	46.58819	0.05874	0.00017	2MASX	250.136333	46.588188	18.783	16.984	16.073	15.596	15.222	021.127	00.935	03.799	16.234	18.271
3752.0619	46.77922	0.22256	0.00015	SDSS	250.137440	46.779212	21.096	19.032	17.673	17.200	16.865	020.884	01.385	01.677	17.766	18.766
3752.0625	46.75031	0.22602	0.00027	ABELL	250.137737	46.750127	21.662	20.036	18.679	18.180	17.834	021.566	01.383	01.416	18.816	19.672
3752.08065	46.73031	0.22503	0.00038	ABELL	250.138861	46.730141	24.388	21.441	20.147	19.608	19.202	021.965	01.320	00.886	20.233	20.654
3752.1087	46.67533	0.23541	0.00058	ABELL	250.140364	46.675120	21.905	21.122	19.979	19.481	18.978	022.604	01.168	01.210	20.195	20.857
3752.10957	47.0567397	0.365261	0.000113112	11.18	250.140640	47.056742	21.622	20.514	18.810	18.211	17.856	022.227	01.727	01.752	19.014	20.098
3752.13019	46.4766883	0.220085	0.000110043	15.24	250.141996	46.476686	21.262	19.439	18.156	17.665	17.365	021.377	01.306	01.640	18.308	19.330
3752.13231	46.7857894	0.226143	0.000105073	14.71	250.142146	46.785782	21.676	20.002	18.605	18.068	17.688	021.832	01.423	01.640	18.763	19.744
3752.13875	46.3147203	0.260013	0.000117948	13.66	250.142584	46.314717	22.761	20.753	19.358	18.841	18.522	021.885	01.414	01.211	19.474	20.208
3752.14007	46.4722786	0.223417	0.000102771	15.10	250.142691	46.472280	22.183	19.842	18.604	18.159	17.889	021.159	01.261	01.214	18.743	19.481
3752.14065	46.65108	0.21920	0.00032	ABELL	250.142534	46.650901	22.433	20.920	19.714	19.269	18.914	021.657	01.230	00.914	19.857	20.310
3752.1807	46.54469	0.03083	0.00016	2MASX	250.145401	46.544630	17.334	15.620	14.858	14.491	14.240	021.072	00.786	06.393	15.048	17.668
3752.19435	46.74586	0.22917	0.00053	ABELL	250.146438	46.745708	21.757	20.363	18.999	18.459	18.208	021.853	01.390	01.429	19.083	19.955
3752.2263	46.69133	0.22225	0.00031	ABELL	250.148159	46.691124	22.642	20.828	19.459	18.953	18.528	021.400	01.394	00.927	19.570	20.024
3752.2587	46.56239	0.23282	0.00014	2MASX	250.150581	46.562387	20.968	18.809	17.403	16.896	16.568	020.882	01.430	01.904	17.489	18.629
3752.26662	47.0986594	0.223243	0.000119149	13.95	250.151106	47.098662	22.108	20.011	18.642	18.063	17.704	021.623	01.393	01.466	18.797	19.612
3752.26838	46.6313208	0.227673	0.000132392	11.56	250.151192	46.631318	22.185	20.787	19.510	19.041	18.782	021.815	01.301	01.098	19.617	20.248
3752.27565	46.73842	0.23397	0.00026	ABELL	250.151899	46.738284	22.181	20.308	18.911	18.443	18.178	021.395	01.423	01.188	19.026	19.726
3752.30313	46.5031394	0.253721	0.000159077	 8.64	250.153514	46.503141	22.047	20.192	19.010	18.511	18.236	021.967	01.205	01.466	19.141	20.064
3752.31	46.70806	0.21594	0.00068	ABELL	250.154032	46.707887	22.092	21.280	20.002	19.676	19.248	022.868	01.304	01.386	20.164	20.990
3752.33356	46.5897103	0.22854	0.000103472	17.15	250.155560	46.589711	21.523	19.677	18.342	17.876	17.546	020.739	01.359	01.150	18.441	19.122
3752.33444	46.6112786	0.220422	0.000168584	 8.29	250.155598	46.611286	21.723	20.592	19.427	18.972	18.633	022.193	01.189	01.385	19.491	20.324
3752.34562	46.5371208	0.26064	0.000102338	16.49	250.156358	46.537124	22.090	20.251	18.893	18.388	18.165	021.038	01.382	01.028	18.983	19.589
3752.34562	46.7210883	0.409788	0.000125254	 8.31	250.156347	46.721091	21.286	20.453	19.281	18.849	18.475	022.530	01.198	01.682	19.406	20.470
3752.35185	46.74167	0.40969	0.00060	ABELL	250.156973	46.741517	22.777	21.703	20.255	19.587	19.248	022.828	01.475	01.237	20.371	21.061
3752.3538	46.64964	0.26365	0.00031	ABELL	250.156799	46.649500	20.580	19.584	18.825	18.489	18.212	021.099	00.783	01.087	18.923	19.540
3752.36662	46.7522889	0.411731	0.000116381	15.90	250.157771	46.752287	22.558	20.423	18.553	17.820	17.386	022.428	01.896	02.314	18.611	19.881
3752.37006	46.3719483	0.438206	7.50187e-05	17.56	250.158005	46.371952	21.512	20.677	19.567	19.053	18.696	021.962	01.131	01.172	19.622	20.288
3752.3712	46.713	0.21865	0.00045	ABELL	250.158245	46.712857	21.780	20.874	19.563	19.047	18.708	021.690	01.337	01.046	19.597	20.202
3752.40315	46.72997	0.21953	0.00026	ABELL	250.160303	46.729820	21.585	20.512	19.741	19.526	19.266	022.173	00.797	01.189	19.802	20.488
3752.41065	46.70983	0.22449	0.00057	ABELL	250.160681	46.709733	22.909	21.764	20.520	20.093	19.693	022.213	01.270	00.822	20.644	21.004
3752.41257	46.9583092	0.18996	9.65336e-05	16.80	250.160856	46.958303	21.756	20.100	18.873	18.375	18.052	020.750	01.250	00.905	18.972	19.463
3752.42368	46.4217986	0.24415	0.000117248	11.88	250.161584	46.421801	21.432	19.606	18.468	17.998	17.708	022.182	01.161	02.047	18.631	19.834
3752.43	46.67242	0.19045	0.00069	ABELL	250.161861	46.672218	21.345	20.096	19.134	18.631	18.361	022.176	00.986	01.530	19.258	20.209
3752.46	46.71453	0.22346	0.00028	ABELL	250.164084	46.714384	22.448	20.244	18.974	18.511	18.137	021.917	01.295	01.426	19.151	20.012
3752.46793	46.6504592	0.263961	0.000112678	11.57	250.164524	46.650461	21.307	20.450	19.316	19.003	18.596	022.246	01.158	01.469	19.416	20.129
3752.4825	46.65194	0.22537	0.00034	ABELL	250.165331	46.651773	21.408	19.342	17.972	17.486	17.162	021.083	01.394	01.610	18.054	19.012
3752.4912	46.74592	0.21652	0.00027	ABELL	250.166262	46.745726	22.946	20.679	19.490	18.995	18.640	021.736	01.215	01.052	19.631	20.199
3752.50482	46.6743697	0.225139	0.000132559	12.85	250.166986	46.674369	23.334	21.140	19.741	19.209	18.870	021.565	01.423	00.880	19.848	20.275
3752.52588	46.6301917	0.221514	0.000127155	12.65	250.168401	46.630195	21.946	20.012	18.664	18.155	17.832	021.598	01.372	01.458	18.784	19.690
3752.54685	46.34686	0.06970	0.00019	SDSS	250.169788	46.346859	18.913	17.891	17.257	17.115	16.815	022.602	00.655	04.404	17.388	19.782
3752.56935	46.66969	0.22145	0.00078	ABELL	250.171188	46.669530	22.575	21.334	19.965	19.496	19.260	022.010	01.394	00.967	20.088	20.587
3752.57394	46.6047286	0.223568	0.000132025	10.19	250.171581	46.604726	22.486	20.943	19.649	19.156	18.808	021.708	01.318	00.969	19.781	20.286
3752.58981	46.6104508	0.243796	0.000102638	14.86	250.172644	46.610456	23.822	20.054	18.541	18.020	17.667	021.387	01.537	01.355	18.732	19.549
3752.6088	46.67317	0.22414	0.00051	ABELL	250.173743	46.672971	22.439	20.689	19.465	19.004	18.732	021.493	01.248	00.968	19.569	20.086
3752.634	46.5059814	0.229613	0.000232328	 5.39	250.175572	46.505978	20.757	19.452	18.157	17.664	17.359	021.693	01.319	01.906	18.297	19.488
3752.634	46.5059814	0.536573	3.34565e-05	15.50	250.175572	46.505978	20.757	19.452	18.157	17.664	17.359	021.693	01.319	01.906	18.297	19.488
3752.64987	47.0997506	0.223897	0.00013923	12.55	250.176660	47.099747	22.131	20.427	19.139	18.636	18.272	021.278	01.312	01.017	19.246	19.816
3752.66487	46.9580689	0.483913	0.000133759	 6.87	250.177659	46.958064	21.631	21.059	19.997	19.605	19.516	022.575	01.085	01.199	20.186	20.847
3752.67395	46.78014	0.227164	0.000109543	13.51	250.178242	46.780136	22.027	20.572	19.292	18.807	18.506	021.380	01.306	00.981	19.427	19.927
3752.67476	46.6346894	0.2225	0.000178557	 8.17	250.178324	46.634692	22.182	21.011	19.829	19.361	19.161	021.870	01.206	00.971	19.939	20.420
3752.6763	46.64531	0.22300	0.00007	SPS	250.178382	46.645182	21.717	20.941	20.308	20.095	19.814	022.507	00.657	01.026	20.456	20.976
3752.6765	46.5336608	0.231602	6.42112e-05	16.18	250.178431	46.533660	22.594	20.653	19.389	18.854	18.518	021.545	01.288	01.032	19.482	20.103
3752.69925	47.1187211	0.321419	0.000175889	 6.23	250.179943	47.118719	25.964	20.917	19.562	18.992	18.526	023.418	01.379	02.226	19.685	20.992
3752.70438	46.61063	0.232101	0.000117715	12.96	250.180277	46.610640	21.006	19.699	18.481	17.994	17.617	021.541	01.242	01.510	18.651	19.577
3752.7162	46.74581	0.21958	0.00052	ABELL	250.181213	46.745665	23.259	21.589	20.385	19.904	19.740	022.358	01.230	00.914	20.558	20.960
3752.75419	46.8518411	0.525008	0.000163714	 7.10	250.183595	46.851846	22.634	21.239	19.843	19.163	18.709	022.963	01.420	01.540	20.030	20.956
3752.77087	46.5684586	0.226027	0.000120917	13.73	250.184727	46.568461	21.509	19.534	18.188	17.689	17.330	021.601	01.370	01.824	18.301	19.397
3752.7762	46.672	0.22681	0.00049	ABELL	250.184978	46.671798	22.563	20.962	19.601	19.133	18.799	021.741	01.386	01.005	19.735	20.272
3752.81037	46.7851906	0.230693	0.00015434	10.36	250.187345	46.785188	23.160	21.258	19.992	19.490	19.210	021.839	01.292	00.896	20.082	20.537
3752.8512	46.72403	0.21943	0.00051	ABELL	250.190048	46.723909	21.877	21.158	20.592	20.261	20.361	022.694	00.592	00.983	20.736	21.016
3752.8662	46.74981	0.19234	0.00061	ABELL	250.191186	46.749686	22.569	21.153	20.376	19.940	19.650	022.499	00.803	00.976	20.557	21.011
3752.87988	46.8011514	0.228622	0.00012502	13.27	250.192003	46.801153	21.890	19.931	18.564	18.069	17.756	021.247	01.393	01.291	18.697	19.459
3752.89881	46.7981681	0.227566	0.000125921	10.80	250.193252	46.798169	22.014	20.836	19.619	19.182	18.814	022.051	01.243	01.155	19.743	20.402
3752.90007	47.1160392	0.366959	0.000176856	 7.47	250.193321	47.116040	22.954	20.617	19.249	18.662	18.393	022.951	01.392	02.050	19.397	20.692
3752.91724	46.5280686	0.371881	0.000119816	12.09	250.194471	46.528066	23.406	21.284	19.641	19.142	18.766	021.695	01.667	00.986	19.731	20.265
3753	46.69903	0.22328	0.00065	ABELL	250.200052	46.698948	24.218	21.632	20.370	19.955	19.517	021.932	01.287	00.794	20.438	20.813
3753.08588	46.71352	0.21442	7.72869e-05	16.91	250.205722	46.713529	21.798	20.133	18.743	18.257	17.897	021.492	01.415	01.323	18.889	19.681
3753.08763	46.5013886	0.228842	0.000121718	12.19	250.205819	46.501389	22.031	20.859	19.483	19.034	18.648	021.393	01.399	00.919	19.581	20.076
3753.11637	46.7549706	0.229501	0.000129023	12.59	250.207749	46.754969	21.914	20.528	19.145	18.636	18.310	021.576	01.408	01.185	19.212	19.929
3753.14745	46.76039	0.07014	0.00008	SDSS	250.209821	46.760395	18.850	17.674	17.118	16.779	16.588	020.390	00.582	01.707	17.234	18.308
3753.15288	46.7710494	0.222911	0.000115447	14.08	250.210202	46.771051	22.496	20.702	19.534	19.057	18.704	021.950	01.194	01.163	19.627	20.286
3753.21594	46.8123283	0.229564	0.000182426	 6.49	250.214392	46.812334	23.195	21.139	19.980	19.497	19.196	022.352	01.184	01.119	20.113	20.687
3753.25969	46.8993989	0.228079	0.000156875	 9.92	250.217323	46.899396	23.964	21.006	19.795	19.313	19.028	021.656	01.234	00.906	19.875	20.374
3753.26313	46.8364181	0.223896	0.000106707	15.46	250.217535	46.836421	22.011	20.186	18.989	18.532	18.295	021.413	01.221	01.169	19.079	19.739
3753.279	46.5824586	0.22761	0.000124353	11.93	250.218618	46.582461	21.973	20.432	19.130	18.683	18.363	022.128	01.325	01.530	19.210	20.152
3753.31419	46.8026086	0.227355	0.000121518	13.92	250.220954	46.802611	22.221	19.619	18.177	17.659	17.313	021.196	01.467	01.500	18.321	19.224
3753.32625	46.8502997	0.228829	0.000214482	 6.12	250.221729	46.850301	22.175	20.852	19.867	19.292	18.921	023.036	01.008	01.641	19.965	20.976
3753.32685	46.2625	0.15197	0.00006	SDSS	250.221782	46.262501	19.332	18.539	17.997	17.682	17.545	021.333	00.560	01.737	18.139	19.213
3753.32925	47.0685692	0.170448	0.000129556	11.06	250.221943	47.068564	22.302	20.501	19.422	18.996	18.759	021.493	01.101	00.989	19.522	20.087
3753.44382	47.1029586	0.365424	0.000113412	13.15	250.229576	47.102960	21.792	20.712	18.963	18.402	18.013	022.402	01.771	01.862	19.057	20.176
3753.45626	46.8395308	-0.000101204	0.000178924	 5.68	250.230413	46.839537	22.984	21.107	19.588	18.534	18.078	021.420	01.543	00.868	19.732	20.089
3753.46144	46.6496697	0.22403	0.000163313	 8.36	250.230786	46.649671	21.787	20.803	19.509	19.095	18.803	021.784	01.318	01.081	19.620	20.237
3753.47988	46.8692589	0.224672	9.3298e-05	17.52	250.231987	46.869256	21.575	19.858	18.736	18.349	18.100	020.524	01.145	00.875	18.819	19.298
3753.48888	46.2535514	0.152444	7.91549e-05	17.69	250.232607	46.253552	19.725	17.853	16.691	16.212	15.848	020.723	01.180	02.358	16.865	18.215
3753.50475	46.8369903	0.224551	0.000152372	10.45	250.233649	46.836986	22.198	20.185	18.844	18.316	17.957	021.694	01.365	01.402	18.965	19.803
3753.50562	46.6648711	0.227772	9.29645e-05	17.64	250.233707	46.664862	21.468	19.332	17.926	17.440	17.106	021.462	01.430	01.840	18.143	19.265
3753.51507	46.6579894	0.225045	0.000153039	10.73	250.234328	46.657995	23.236	21.014	19.654	19.143	18.874	021.684	01.384	00.965	19.766	20.269
3753.51594	46.9277381	-0.000109009	9.23974e-05	11.64	250.234387	46.927741	22.056	19.430	18.139	17.551	17.211	019.648	01.313	00.769	18.223	18.583
3753.54495	46.65281	0.22697	0.00016	SDSS	250.236333	46.652798	20.781	18.973	17.548	17.045	16.703	021.111	01.448	01.916	17.704	18.858
3753.5515	46.7349394	0.225137	0.000114579	12.16	250.236765	46.734940	22.928	20.814	19.564	19.129	18.713	022.000	01.275	01.158	19.686	20.331
3753.57424	46.7953797	0.232357	0.000121918	13.45	250.238278	46.795381	22.316	20.013	18.745	18.237	17.955	021.681	01.293	01.455	18.872	19.759
3753.61287	46.7234	0.22244	0.000119483	12.86	250.240874	46.723404	22.562	20.807	19.503	19.013	18.672	021.725	01.328	01.050	19.624	20.190
3753.6275	46.9310494	0.23096	0.000111577	12.65	250.241830	46.931052	20.381	19.484	18.461	18.013	17.724	021.478	01.046	01.493	18.613	19.551
3753.6294	46.37431	0.13685	0.00016	SDSS	250.241945	46.374298	20.547	18.607	17.547	17.117	16.757	021.232	01.081	02.049	17.679	18.867
3753.7052	46.5564003	0.219908	0.000138963	10.55	250.247036	46.556400	22.423	20.760	19.537	19.099	18.855	022.112	01.246	01.213	19.698	20.419
3753.78243	46.5937806	0.225608	0.000112411	15.35	250.252158	46.593778	22.682	20.659	19.240	18.734	18.442	021.392	01.442	01.034	19.324	19.902
3753.80988	46.7523003	0.366739	0.000113379	13.36	250.253980	46.752296	23.464	20.981	19.286	18.729	18.314	022.192	01.720	01.460	19.375	20.274
3753.82618	47.0452386	0.178675	0.000155274	 6.94	250.255075	47.045245	21.586	19.714	18.664	18.089	17.748	022.752	01.072	02.476	18.788	20.240
3753.84	46.69442	0.03079	0.00014	2MASX	250.255991	46.694428	17.743	16.054	15.304	14.949	14.673	020.588	00.774	04.362	15.395	17.583
3753.8927	46.6226006	0.232501	0.000119316	12.78	250.259520	46.622607	22.196	20.408	19.216	18.721	18.494	021.657	01.214	01.179	19.304	19.976
3753.90819	46.6738281	0.226335	0.000122185	13.00	250.260536	46.673833	22.694	19.661	18.375	18.010	17.721	021.293	01.309	01.439	18.508	19.326
3753.92143	46.4786186	0.226242	0.00010544	16.65	250.261441	46.478625	22.397	19.267	17.905	17.354	17.075	021.505	01.384	01.922	18.091	19.259
3753.96269	46.7645683	0.22299	0.000141531	 9.43	250.264189	46.764569	21.527	20.191	19.039	18.560	18.386	022.358	01.176	01.683	19.233	20.274
3754.01588	46.5923194	0.22195	0.000190666	 7.70	250.267737	46.592320	22.670	21.220	19.860	19.361	19.106	022.633	01.382	01.329	20.020	20.807
3754.02018	46.7768289	0.222189	0.00010037	18.58	250.268026	46.776830	21.397	19.571	18.172	17.669	17.328	021.200	01.423	01.552	18.251	19.208
3754.03818	46.7862014	0.219751	0.000106841	15.38	250.269207	46.786194	22.804	20.542	19.266	18.776	18.439	021.650	01.300	01.119	19.411	20.022
3754.08537	46.6882897	0.22287	0.000164481	 8.17	250.272356	46.688291	23.290	21.081	19.932	19.467	19.050	022.678	01.172	01.357	20.020	20.845
3754.13562	46.4855919	0.509789	0.000171052	 8.52	250.275697	46.485586	22.932	21.703	19.985	19.087	18.662	022.732	01.741	01.315	20.142	20.917
3754.13688	46.5597497	0.218571	0.00011021	14.49	250.275796	46.559754	22.646	20.444	19.172	18.729	18.493	021.294	01.295	01.025	19.245	19.824
3754.15407	46.6370583	0.227867	0.000110043	12.34	250.276951	46.637062	22.048	20.426	19.138	18.708	18.321	021.850	01.310	01.316	19.259	20.059
3754.18457	46.7880286	0.22257	9.9569e-05	10.67	250.278987	46.788028	22.931	20.837	19.450	19.007	18.585	021.878	01.411	01.169	19.544	20.191
3754.19056	46.6016389	0.219823	0.000102471	16.57	250.279366	46.601645	22.555	20.256	18.954	18.461	18.179	021.215	01.324	01.059	19.096	19.677
3754.191	46.8101386	0.222013	9.70673e-05	18.72	250.279374	46.810147	21.862	19.167	17.791	17.271	16.926	021.086	01.400	01.693	17.948	18.993
3754.19913	46.9239503	0.186432	0.000197804	 4.43	250.279953	46.923954	23.085	21.145	19.995	19.581	19.257	022.553	01.173	01.242	20.087	20.867
3754.2606	46.67642	0.22404	0.00016	SDSS	250.284059	46.676423	21.211	19.010	17.609	17.101	16.777	021.060	01.423	01.835	17.747	18.859
3754.29357	46.9465103	0.182753	0.000103038	14.59	250.286243	46.946504	22.103	20.180	19.030	18.604	18.260	020.832	01.172	00.876	19.124	19.583
3754.3212	46.73564	0.22474	0.00014	2MASX	250.288085	46.735642	21.094	19.076	17.652	17.101	16.721	021.124	01.447	01.797	17.856	18.960
3754.33944	46.4044686	0.227636	0.000113178	13.11	250.289293	46.404471	22.552	20.819	19.429	18.965	18.714	021.776	01.412	01.112	19.550	20.202
3754.36518	46.6596717	0.263444	0.000119049	14.54	250.291015	46.659679	22.098	20.008	18.505	17.962	17.630	021.338	01.525	01.431	18.565	19.446
3754.3858	46.7318	0.224933	0.000127088	11.29	250.292422	46.731798	22.025	19.945	18.656	18.159	17.761	021.278	01.313	01.266	18.771	19.532
3754.43565	46.769	0.05830	0.00008	SDSS	250.295704	46.769002	19.168	17.888	17.428	17.072	16.873	021.542	00.484	02.522	17.538	19.057
3754.47981	47.0201797	0.320066	0.000148003	10.38	250.298658	47.020180	23.034	20.912	19.435	18.837	18.376	021.808	01.498	01.162	19.487	20.183
3754.48062	46.4092217	0.199742	0.000101404	15.25	250.298726	46.409216	21.741	20.142	18.876	18.434	18.044	021.649	01.287	01.336	19.025	19.824
3754.48407	46.8028717	0.238588	0.000122251	11.08	250.298941	46.802866	22.068	20.295	18.945	18.432	18.051	021.834	01.373	01.422	19.075	19.965
3754.51843	46.3134003	0.177981	9.55663e-05	18.05	250.301237	46.313396	21.472	19.640	18.484	18.040	17.625	021.349	01.176	01.484	18.497	19.373
3754.53687	46.7304992	0.443225	0.00016865	 7.26	250.302468	46.730504	22.400	21.341	19.820	19.254	18.840	022.639	01.544	01.387	19.934	20.758
3754.539	46.7580186	0.219642	0.00011001	14.54	250.302594	46.758025	21.998	20.003	18.695	18.195	17.836	021.667	01.332	01.485	18.813	19.727
3754.55787	46.9849206	0.22762	0.000116214	12.43	250.303839	46.984912	22.227	20.426	19.361	19.002	18.433	021.684	01.087	01.183	19.324	19.916
3754.56435	46.31508	0.17761	0.00017	2MASX	250.304287	46.315091	20.345	18.347	17.113	16.644	16.301	020.456	01.254	01.721	17.282	18.342
3754.59695	46.7010003	0.225831	0.000105573	15.98	250.306485	46.701001	21.829	19.437	18.050	17.567	17.238	021.366	01.410	01.756	18.148	19.222
3754.64055	46.83675	0.22521	0.00015	SDSS	250.309366	46.836738	20.677	18.914	17.573	17.091	16.776	020.865	01.365	01.692	17.728	18.785
3754.65919	46.8397103	0.226459	0.000148636	 9.76	250.310618	46.839713	24.878	21.106	19.808	19.350	19.046	021.813	01.321	00.959	19.909	20.462
3754.68582	47.0191803	0.222833	0.000108542	13.54	250.312385	47.019186	21.640	20.292	18.987	18.496	18.211	021.262	01.325	01.067	19.126	19.736
3754.71756	46.6202011	0.228115	0.000106807	16.77	250.314515	46.620209	20.874	19.174	17.804	17.297	16.965	020.998	01.392	01.652	17.913	18.928
3754.76043	46.3211097	0.401469	0.000148303	10.00	250.317349	46.321106	24.950	21.007	19.425	18.867	18.517	022.172	01.602	01.348	19.529	20.367
3754.84976	46.7952194	0.231266	9.94023e-05	16.38	250.323306	46.795222	21.911	19.891	18.661	18.264	17.992	021.960	01.253	01.739	18.764	19.825
3754.92957	46.5930711	0.22643	0.000141565	11.72	250.328628	46.593076	22.544	20.277	18.947	18.433	18.043	021.475	01.352	01.207	19.071	19.775
3754.96344	46.4981803	0.190948	7.60194e-05	10.92	250.330904	46.498179	20.982	19.277	18.154	17.708	17.427	021.048	01.145	01.413	18.302	19.162
3754.96518	46.7133903	0.222626	9.33981e-05	19.59	250.331011	46.713392	22.454	20.240	18.924	18.455	18.151	021.110	01.338	01.042	19.026	19.613
3755.11838	46.9094581	0.189898	0.000115413	12.81	250.341233	46.909458	22.939	20.627	19.439	18.928	18.747	021.570	01.210	01.018	19.536	20.114
3755.14815	46.51089	0.08200	0.00008	SDSS	250.343225	46.510903	20.086	18.429	17.595	17.118	16.800	020.667	00.856	01.505	17.784	18.722
3755.16732	46.5564003	0.372018	0.000112912	10.85	250.344490	46.556401	22.234	20.968	19.668	19.173	18.877	021.853	01.322	01.030	19.794	20.369
3755.19087	46.7756692	0.222182	0.000109976	16.55	250.346068	46.775668	20.928	19.377	18.007	17.460	16.985	021.456	01.393	01.793	18.193	19.231
3755.235	46.38	0.15177	0.00018	SDSS	250.349026	46.379997	19.202	18.235	17.612	17.232	17.025	021.747	00.643	02.534	17.733	19.385
3755.30075	46.7618294	0.225736	0.000131158	11.05	250.353371	46.761828	22.308	20.353	18.954	18.455	18.134	020.960	01.422	00.967	19.038	19.596
3755.36726	46.5736389	0.361149	0.000176456	 6.97	250.357799	46.573639	22.805	20.797	19.423	18.793	18.396	022.409	01.395	01.449	19.609	20.493
3755.48657	46.7394906	0.191622	8.80277e-05	19.84	250.365787	46.739486	21.809	20.071	18.818	18.364	18.016	020.846	01.276	00.982	18.890	19.481
3755.49476	46.5342789	0.444343	0.000118182	 8.81	250.366334	46.534276	22.707	24.859	19.011	24.114	17.871	022.466	05.869	01.854	19.130	19.795
3755.52006	46.9654311	0.189922	7.55524e-05	16.62	250.368026	46.965426	21.533	19.823	18.714	18.260	17.994	021.319	01.131	01.253	18.834	19.617
3755.55375	46.91806	0.08271	0.00015	2MASX	250.370247	46.918061	18.139	16.507	15.682	15.286	14.989	020.779	00.847	03.935	15.809	17.767
3755.56038	46.48349	0.227818	0.000169251	 8.78	250.370696	46.483488	22.932	21.011	19.818	19.407	19.071	022.215	01.214	01.169	19.881	20.572
3755.563	46.38052	4.4264e-05	0.000322123	 3.68	250.370849	46.380517	23.885	21.333	19.863	18.713	18.075	021.108	01.490	00.677	19.960	20.256
3755.57501	46.7196197	0.225951	0.000106407	15.56	250.371656	46.719616	22.326	20.358	19.087	18.586	18.380	021.535	01.293	01.178	19.184	19.907
3755.65182	46.76688	0.221703	0.000104606	17.30	250.376806	46.766879	21.469	19.621	18.255	17.776	17.457	020.724	01.389	01.185	18.360	19.101
3755.72175	46.9020194	0.22376	0.00011588	14.13	250.381430	46.902018	22.946	20.658	19.400	18.905	18.752	021.282	01.281	00.921	19.466	19.996
3755.72475	46.5915719	0.262739	0.000145468	 9.62	250.381630	46.591566	21.355	20.128	19.037	18.589	18.231	022.028	01.112	01.494	19.161	20.075
3755.98956	46.6871986	0.226572	0.00015324	10.52	250.399307	46.687199	24.522	21.165	19.893	19.373	18.956	022.088	01.293	01.039	20.010	20.523
3756.03031	46.7791594	0.21884	0.000127488	12.22	250.402010	46.779162	23.317	20.413	19.118	18.591	18.369	021.510	01.318	01.151	19.210	19.918
3756.04185	46.72314	0.08205	0.00015	2MASX	250.402784	46.723143	18.717	17.264	16.549	16.163	15.902	021.039	00.737	02.922	16.716	18.427
3756.04275	46.5210608	0.265929	0.000146602	 8.05	250.402882	46.521062	21.477	20.293	19.199	18.743	18.285	022.287	01.115	01.558	19.329	20.288
3756.30069	46.69841	0.227007	0.000117982	13.48	250.420050	46.698411	23.380	20.490	19.036	18.499	18.248	022.130	01.475	01.624	19.082	20.082
3756.30326	46.7468414	0.225905	0.000109776	15.34	250.420217	46.746838	22.509	20.320	18.900	18.433	18.151	021.233	01.443	01.145	18.944	19.670
3756.31012	46.77734	0.222799	0.000160178	 9.36	250.420670	46.777340	25.195	21.131	19.791	19.306	19.031	021.743	01.363	00.935	19.894	20.407
3756.44832	46.3459397	0.2472	0.000116214	12.58	250.429890	46.345935	21.855	19.621	18.233	17.800	17.347	022.258	01.407	02.451	18.316	19.604
3756.46075	46.6184997	0.223286	0.00012532	11.38	250.430715	46.618502	21.247	19.535	18.437	17.906	17.585	021.590	01.119	01.603	18.570	19.531
3756.60793	46.5774497	0.227041	0.000175989	 7.71	250.440528	46.577454	22.466	20.995	19.683	19.106	18.728	022.025	01.333	01.154	19.719	20.371
3756.647	46.4774283	0.22234	0.000112711	14.50	250.443132	46.477431	21.466	19.286	18.087	17.550	17.228	021.374	01.220	01.682	18.250	19.249
3756.82168	46.6744614	0.230129	0.000118749	12.39	250.454805	46.674457	22.050	20.264	18.978	18.535	18.152	021.793	01.307	01.350	19.146	19.977
3756.9138	46.29333	0.13675	0.00018	2MASX	250.460912	46.293328	20.266	18.309	17.226	16.756	16.423	020.645	01.101	01.807	17.365	18.474
3756.93026	46.7358094	0.224347	0.000134126	11.92	250.462037	46.735808	23.937	20.931	19.640	19.134	18.833	021.600	01.313	00.946	19.726	20.281
3757.06844	46.5453797	0.228896	0.000134026	10.09	250.471236	46.545380	22.697	21.027	19.775	19.268	18.884	021.989	01.272	01.062	19.863	20.460
3757.12595	46.4958114	0.226002	0.000109209	15.15	250.475060	46.495809	22.173	20.251	18.942	18.359	17.979	022.053	01.330	01.625	19.004	19.941
3757.12725	46.7592697	0.222751	0.000159911	 8.67	250.475131	46.759269	22.900	21.044	19.907	19.475	19.195	022.236	01.159	01.100	20.034	20.689
3757.17831	46.4068183	0.228338	0.000114446	15.07	250.478554	46.406817	21.104	19.715	18.511	18.004	17.696	020.964	01.224	01.214	18.548	19.307
3757.20494	46.7583808	0.220099	0.00012065	11.62	250.480324	46.758379	21.517	19.860	18.721	18.264	17.953	020.837	01.161	01.014	18.812	19.417
3757.8808	46.6757697	0.189581	0.000108675	13.68	250.525362	46.675764	22.122	20.240	18.992	18.540	18.210	021.006	01.269	00.964	19.091	19.639
3757.92118	46.6145706	0.288854	0.000127622	12.50	250.528069	46.614569	22.266	21.213	19.685	19.127	18.907	021.577	01.549	00.904	19.801	20.287
3758.2668	46.75542	0.03616	0.00011	2MASX	250.551154	46.755428	18.039	16.532	15.853	15.502	15.247	021.147	00.701	04.406	15.932	18.367
3758.53815	46.48319	0.11370	0.00016	2MASX	250.569197	46.483195	19.258	17.319	16.297	15.847	15.499	020.544	01.042	02.708	16.386	17.828
3758.74555	46.55064	0.261038	0.000191066	 7.94	250.583037	46.550649	21.222	20.131	19.005	18.671	18.245	022.004	01.146	01.511	19.113	20.058
3758.86245	46.64186	0.08208	0.00015	SDSS	250.590819	46.641865	20.013	18.185	17.293	16.924	16.634	019.980	00.912	01.298	17.419	18.229
3758.9915	46.7010994	0.26401	0.000127889	10.22	250.599435	46.701104	26.143	20.833	19.558	19.058	18.684	022.079	01.295	01.186	19.714	20.437
3760.1425	46.5498314	0.329168	0.000124887	12.34	250.676146	46.549827	24.086	20.940	19.297	18.725	18.435	021.979	01.662	01.372	19.297	20.146
